gen 0 1200 32.2242317199707 1192.7593877580357 58.51916734622679 1038.159463929967 1417.450017226231 1038.159463929967
gen 1 2460 66.73777508735657 1187.2741407100812 57.067627614710176 1003.912958301113 1374.0131090122632 1003.912958301113
gen 2 3720 101.3147120475769 1194.4759213594134 58.00556367446828 997.5582632401264 1404.3667296567407 983.4047819657757
gen 3 4980 135.57289099693298 1187.147916956911 57.412489153605094 1026.3836457604875 1419.0897948295062 967.1152312501123
gen 4 6240 171.4682581424713 1188.7302331716035 57.70407166108346 1017.9401455360576 1397.750676411383 949.7968276922738
gen 5 7500 206.50150990486145 1186.504550275406 60.082716854909805 1027.633002060061 1403.7554780295031 941.7466062842308
gen 6 8760 241.4580419063568 1185.810903663909 58.88652486975257 1039.462997579809 1378.042083260691 928.3847309346369
gen 7 10020 274.8112530708313 1181.4051833996662 58.656344668975194 1032.6247885700047 1373.8672891525875 912.2198587708683
gen 8 11280 309.81316590309143 1179.9810686627745 58.788539256264514 964.9077210995488 1388.633365795427 908.2621312869342
gen 9 12540 345.1843593120575 1179.081924527868 56.24579563203778 1030.3854219616271 1380.0070927300367 908.2621312869342
gen 10 13800 380.11463475227356 1178.7182700772214 58.34135064385972 1000.088654950443 1407.4421152127893 908.1270367597136
gen 11 15060 415.8138873577118 1175.261065089356 57.67864630875236 1012.0132170362987 1378.037264829495 907.6458569996895
gen 12 16320 451.4905025959015 1173.7814239472286 58.213093384195616 956.1977835126153 1385.3922430168263 894.2948005961754
gen 13 17580 486.74956464767456 1165.4795118582977 56.53712334323951 1004.7494206022365 1388.854701536427 894.2948005961754
gen 14 18840 522.3513321876526 1168.5650722604544 55.170383122766125 1013.7265715670295 1365.1653422315014 893.6361376404769
gen 15 20100 557.8296327590942 1167.9492116695624 58.32491187697193 1004.3573170507515 1373.0764129935405 892.154833711975
gen 16 21360 594.0943796634674 1162.5826743476819 56.34662600249673 1004.3861937225269 1348.8067058090119 888.613503854796
gen 17 22620 630.0249745845795 1160.2561113895797 57.29429084219574 998.3491942365767 1414.7560673563867 888.613503854796
gen 18 23880 665.6500787734985 1158.9468184670925 55.514352697075914 1004.561265257274 1416.4282998619258 888.613503854796
gen 19 25140 700.7484991550446 1158.7591569778983 56.33942835380066 1000.1650976305689 1365.6591675228008 887.2506950425966
gen 20 26400 736.5407269001007 1155.5122033078383 56.12084929622746 999.3650313231483 1347.632488063105 887.2307655351124
gen 21 27660 773.2706186771393 1151.731909435759 56.978403686487106 1007.3058060554886 1364.6707939547007 887.2307655351124
gen 22 28920 808.0373556613922 1150.5932641991876 55.36809861593451 980.783513884848 1381.4039291215877 887.2192908105533
gen 23 30180 843.0668110847473 1148.3076492330586 54.43975879188044 964.7825278491168 1341.8592691612475 887.2192908105533
gen 24 31440 879.341700553894 1150.0563421833822 57.013117820313425 1000.1622776652407 1369.976477964812 887.2192908105533
gen 25 32700 914.8408195972443 1142.9417955312147 55.27420664304306 993.1487323724934 1383.909853370361 887.2192908105533
gen 26 33960 948.6759181022644 1141.346473641853 54.600376167061405 993.8862544186766 1346.1807504480012 887.2192908105533
gen 27 35220 982.8626017570496 1143.7759042804423 57.42681683789271 963.2762223096745 1371.272316255873 887.2192908105533
gen 28 36480 1017.103520154953 1142.4885114422352 58.683763203428676 972.6312976405354 1326.4152171189069 887.2192908105533
gen 29 37740 1051.6928296089172 1139.2669917359071 55.54457128471909 967.5442303442068 1322.9164460790603 887.2192908105533
gen 30 39000 1086.49982047081 1137.611846205917 57.77931325105088 983.2942289306933 1339.4605771523786 887.2192908105533
gen 31 40260 1121.4157507419586 1139.5907619010873 56.38810423223159 983.5138761449866 1318.4247161754079 887.2192908105533
gen 32 41520 1156.4741325378418 1132.9229729519925 55.666222740618714 966.7522012606642 1330.2474483671754 886.1415171642637
gen 33 42780 1191.9916036128998 1133.2891373637606 55.315771590424525 963.2741777594352 1363.5868804876152 884.1224447620607
gen 34 44040 1228.066298007965 1132.7058408483767 56.406241401712386 947.9507980444117 1322.070419671819 881.4470895874257
gen 35 45300 1264.5199837684631 1130.8679225847509 57.16530023317038 935.8793464023491 1373.085452546226 878.8522134535935
gen 36 46560 1301.6983239650726 1134.8723469426602 56.28437805978757 965.0891969606012 1309.9982805517368 877.7565465066099
gen 37 47820 1339.3401446342468 1129.7022051689066 57.883021806446436 969.1061443006109 1326.2342666704603 877.7565465066099
gen 38 49080 1377.677852153778 1132.202631215024 56.2485955434239 970.1666659710196 1358.2112723341818 877.7565465066099
gen 39 50340 1416.9396555423737 1128.1035502595828 55.64540138671867 961.1129434494279 1303.3863821688556 877.7565465066099
gen 40 51600 1457.1571249961853 1130.16530303929 57.76799648032093 950.5857898698858 1315.1473380830114 877.7565465066099
gen 41 52860 1498.1372513771057 1130.1297056508379 56.1529521895951 970.7800273449245 1339.2686625164836 877.7565465066099
gen 42 54120 1539.5595998764038 1129.662537977242 57.6247217555604 902.4404725593101 1325.974755618844 877.7565465066099
gen 43 55380 1582.0489716529846 1129.511197056753 56.797709139801455 974.8816204117767 1352.6877340737365 877.7565465066099
gen 44 56640 1625.7370867729187 1136.9382878811332 57.55039485563759 957.9738281707754 1400.1077150289934 877.7565465066099
gen 45 57900 1669.9067447185516 1135.3074592442138 57.848183799573306 932.1719186060305 1313.2687278000774 877.7565465066099
gen 46 59160 1714.9398834705353 1136.6554256854902 58.46543860546855 968.665461374258 1333.589191047921 877.7565465066099
gen 47 60420 1763.1146895885468 1137.54840413425 58.86885486317821 960.518727085434 1350.729292227031 877.7565465066099
gen 48 61680 1812.4469411373138 1140.9266987301771 58.39834511379815 963.8890098108673 1309.7567698218184 877.7565465066099
gen 49 62940 1862.474116563797 1142.047405803766 59.025637849251744 956.0347414833088 1377.5765045527392 877.6021205248229
gen 50 64200 1913.8208627700806 1144.1385997232937 59.95540489336491 944.0012452750108 1339.2050586940622 877.6021205248229
gen 51 65460 1966.6925168037415 1150.7136578769405 59.399688466091234 949.3446431734471 1336.9949656761191 877.6021205248229
gen 52 66720 2020.3094990253448 1151.0421092295207 59.64000112084252 923.392874274466 1341.389758958857 877.6021205248229
gen 53 67980 2075.007253885269 1155.1097759844872 55.33677096537163 980.6243871749389 1333.717320857862 873.9343689242783
gen 54 69240 2130.4628517627716 1152.0129112485547 56.2563336333873 985.5047776070707 1365.6535346632768 869.9561012708999
gen 55 70500 2186.8941066265106 1156.7189325080287 58.118983728296186 984.7565089670913 1387.155964377248 869.9561012708999
gen 56 71760 2244.3456795215607 1158.5429981059367 56.97666655577197 977.8579448558515 1338.388716644535 869.9561012708999
gen 57 73020 2302.6564390659332 1159.512513744047 58.59244886291275 983.3148988051977 1346.487242421426 869.9561012708999
gen 58 74280 2361.6750366687775 1160.5108943545833 58.62744996231229 989.9693481335704 1332.680859845065 869.9561012708999
gen 59 75540 2419.155421257019 1165.1891585967319 57.8144173359299 979.6746734190222 1358.2241931702172 869.9561012708999
gen 60 76800 2477.7931640148163 1169.7395810342102 57.01608999264368 995.4813526544312 1345.6972982740604 869.9561012708999
gen 61 78060 2538.757616519928 1172.9610948417612 61.16789450817158 985.7654475691214 1376.4980079965057 869.9561012708999
gen 62 79320 2601.300795316696 1174.0390908250733 61.5170256015083 993.784606738447 1359.7387240314074 869.9561012708999
gen 63 80580 2664.189237356186 1182.3083458064484 62.15229302891474 1003.9425996268778 1410.5055551385985 869.9561012708999
gen 64 81840 2727.8344371318817 1187.5243143437015 65.36786659435211 996.0346384539537 1450.8283351450325 869.9561012708999
gen 65 83100 2792.8294019699097 1191.4482677771869 66.75532418569617 981.6181500725776 1406.0106140660055 869.9561012708999
gen 66 84360 2858.6882739067078 1199.0779835925416 63.897513802706925 1000.1166367400534 1380.005736557978 869.9561012708999
gen 67 85620 2926.8158898353577 1204.1465676257503 67.11436318320527 973.8055713343009 1423.5897610397294 869.9561012708999
gen 68 86880 2996.9797258377075 1211.5841984494357 66.42225684674015 962.0275481671622 1430.589791621564 869.9561012708999
gen 69 88140 3068.764973640442 1221.1503071653 66.94455250198732 987.7533717494225 1457.4341674300272 869.9561012708999
gen 70 89400 3141.7423236370087 1222.8879650952092 68.35517117964744 1003.0575312464694 1443.952558971103 869.9561012708999
gen 71 90660 3217.0541236400604 1236.2395914387473 68.89104490883894 1027.8026995910116 1443.004247798203 869.9561012708999
gen 72 91920 3295.111537694931 1248.6260433224923 69.99605208179354 1033.8898154484598 1457.7908578299496 869.9561012708999
gen 73 93180 3374.6745986938477 1250.4236892721033 69.61777357793598 1008.5476937254639 1449.0015438624323 869.9561012708999
gen 74 94440 3456.7992165088654 1264.3888243667413 67.76499086762 1068.0760704606566 1461.8725941515156 869.9561012708999
gen 75 95700 3541.5444707870483 1270.498767113362 69.49134958079169 1025.6723015305702 1486.7802552192538 869.9561012708999
gen 76 96960 3628.7448575496674 1285.157440208584 67.77312138085315 1057.6152701723047 1488.3245883859086 869.9561012708999
gen 77 98220 3717.977148771286 1290.9060999775734 73.20502201942791 1081.7647420842268 1518.3180844292142 869.9561012708999
gen 78 99480 3809.0164184570312 1300.881047230065 71.75543575292912 1055.3013941061681 1516.8246600686002 869.9561012708999
gen 79 100740 3902.3325192928314 1311.3232952170824 69.10949697796603 1068.3962651372217 1526.68026057589 869.9561012708999
gen 80 102000 3998.5904548168182 1321.1382949164306 72.24546427547615 1019.0730264208336 1543.3120171557598 869.9561012708999
gen 81 103260 4097.458984375 1327.692470767725 72.69323802717263 1054.699581582807 1509.5017032498163 869.9561012708999
gen 82 104520 4198.701506853104 1336.0112804759547 69.84612256421029 1116.6717614192455 1544.268678997018 869.9561012708999
gen 83 105780 4301.640575647354 1346.0625960435214 71.12012112900148 1096.6013613278371 1550.7209837656155 869.9561012708999
gen 84 107040 4406.679090023041 1355.2058370924374 70.87156128536026 1071.3203727883767 1599.0468280612356 869.9561012708999
