gen 0 10 0.024007320404052734 1169.914963266498 37.011581790321706 1134.5156744802696 1236.0034897123107 1134.5156744802696
gen 1 25 0.04900836944580078 1147.1291392986773 22.555137836276653 1134.5156744802696 1198.5049463620217 1134.5156744802696
gen 2 40 0.07602715492248535 1162.0118138927874 45.17638776462868 1134.5156744802696 1253.0951922637978 1134.5156744802696
gen 3 55 0.10354900360107422 1499.0793221885924 807.0290230496278 1134.5156744802696 3874.4961677228084 1134.5156744802696
gen 4 70 0.13055086135864258 1195.823757593284 84.30012621354933 1134.5156744802696 1355.6589909172335 1134.5156744802696
gen 5 85 0.15455055236816406 1172.7213318639695 45.90408298004516 1134.5156744802696 1258.468720629206 1134.5156744802696
gen 6 100 0.17754888534545898 1143.9878203201883 22.126607883746285 1134.5034737461535 1207.4296885120882 1134.5034737461535
gen 7 115 0.20207571983337402 1140.9546833802801 13.80851815262305 1134.5034737461535 1177.8302709512043 1134.5034737461535
gen 8 130 0.22907590866088867 1176.428971587447 41.331085479814035 1134.5034737461535 1266.1248328404038 1134.5034737461535
gen 9 145 0.25507569313049316 1252.5583346590615 166.31787703115893 1134.5034737461535 1731.1424309984282 1134.5034737461535
gen 10 160 0.2800774574279785 1168.2977226719954 35.142019443883314 1134.5034737461535 1228.1238733714054 1134.5034737461535
gen 11 175 0.3065955638885498 1189.102736156234 61.33431381315054 1134.5034737461535 1331.9886948673386 1134.5034737461535
gen 12 190 0.33359837532043457 1160.789549729678 31.16975978493081 1134.5034737461535 1226.4260543338385 1134.5034737461535
gen 13 205 0.36159443855285645 1158.8994824092 58.64833797675703 1134.5034737461535 1329.2491199478523 1134.5034737461535
gen 14 220 0.38860392570495605 1186.623392549738 56.76948276414549 1134.5034737461535 1326.517586534728 1134.5034737461535
gen 15 235 0.415118932723999 1245.2865540950577 198.98631287691273 1134.5034737461535 1816.9055641677337 1134.5034737461535
gen 16 250 0.4391205310821533 1168.6671875546403 52.95867677791766 1134.5034737461535 1305.8618772986074 1134.5034737461535
gen 17 265 0.45812201499938965 1172.133494033413 58.55832566965552 1134.5034737461535 1305.8618772986074 1134.5034737461535
gen 18 280 0.4821181297302246 1161.336642083428 50.08999709800973 1134.5034737461535 1304.7424573230874 1134.5034737461535
gen 19 295 0.5056369304656982 1182.654469412838 47.26891013380758 1134.5034737461535 1286.5791978322834 1134.5034737461535
gen 20 310 0.5306386947631836 1148.751888284774 18.991843968631535 1134.5034737461535 1182.4587807439116 1134.5034737461535
gen 21 325 0.5511965751647949 1152.1226608740576 39.03259044125025 1134.5034737461535 1260.1360645617806 1134.5034737461535
gen 22 340 0.5741982460021973 1208.7079034463811 133.95145825311394 1134.5034737461535 1595.0074977859765 1134.5034737461535
gen 23 355 0.6002137660980225 1206.0396023243516 88.43926700221473 1134.5034737461535 1360.047310390271 1134.5034737461535
gen 24 370 0.6273097991943359 1161.996391239862 31.23734561821415 1134.5034737461535 1224.225635250679 1134.5034737461535
gen 25 385 0.6523115634918213 1194.7803371040238 82.73665279420628 1134.5034737461535 1429.0693680990703 1134.5034737461535
gen 26 400 0.6823122501373291 1268.3659796599918 212.1996745591391 1134.5034737461535 1695.2871098400685 1134.5034737461535
gen 27 415 0.7108347415924072 1192.0868728718106 87.65922342978278 1134.5034737461535 1395.055153422951 1134.5034737461535
gen 28 430 0.7408349514007568 1179.3869321939114 92.85014002494682 1134.5034737461535 1411.9796546712787 1134.5034737461535
gen 29 445 0.7669475078582764 1193.7585220764986 85.27300986387945 1134.5034737461535 1382.9855603520755 1134.5034737461535
gen 30 460 0.7939553260803223 1159.793228691427 42.76665306312292 1134.5034737461535 1266.1248328404038 1134.5034737461535
gen 31 475 0.822476863861084 1197.4772541081193 56.170831123482266 1134.5034737461535 1304.7424573230874 1134.5034737461535
gen 32 490 0.8424739837646484 1153.425538328734 30.548943850626305 1134.5034737461535 1218.7798815463511 1134.5034737461535
gen 33 505 0.8654749393463135 1167.982013179786 63.823548725950864 1134.5034737461535 1354.3294538590271 1134.5034737461535
gen 34 520 0.8894789218902588 1176.8603618099405 75.74372155510463 1134.5034737461535 1368.1451116940002 1134.5034737461535
gen 35 535 0.9139926433563232 1156.4944020131843 63.85131237043356 1134.5034737461535 1347.9614094067517 1134.5034737461535
gen 36 550 0.9379909038543701 1181.2731669034067 67.1082652541398 1134.5034737461535 1344.0002306738652 1134.5034737461535
gen 37 565 0.9619889259338379 1258.532219982208 183.20208764219808 1134.5034737461535 1785.3661364881864 1134.5034737461535
gen 38 580 0.9869961738586426 1205.2602802639653 82.76312154112861 1134.5034737461535 1341.9949649182204 1134.5034737461535
gen 39 595 1.0155177116394043 1167.5913980742366 50.46057868082923 1134.5034737461535 1299.434849401115 1134.5034737461535
gen 40 610 1.0435154438018799 1173.8312693124494 53.1165739306751 1134.5034737461535 1277.216587405934 1134.5034737461535
gen 41 625 1.0685162544250488 1155.3649719675523 31.95396107824598 1134.5034737461535 1228.3895514146166 1134.5034737461535
gen 42 640 1.097519874572754 1187.1317261910199 59.689961120072844 1134.5034737461535 1314.5294634734119 1134.5034737461535
gen 43 655 1.1247055530548096 1169.3016349212016 59.61838079548095 1134.5034737461535 1332.9579716932583 1134.5034737461535
gen 44 670 1.1517055034637451 1203.6005965616926 112.97651213963978 1134.5034737461535 1512.1112484162954 1134.5034737461535
gen 45 685 1.180708646774292 1177.1014552475142 70.87191667280025 1134.5034737461535 1326.6807842003643 1134.5034737461535
gen 46 700 1.206225872039795 1136.3092186853569 5.417234817609642 1134.5034737461535 1152.5609231381857 1134.5034737461535
gen 47 715 1.2302272319793701 1273.7705797254825 269.2072550621783 1134.5034737461535 2063.6677089870645 1134.5034737461535
gen 48 730 1.2542259693145752 1161.4918476246683 43.96359587106807 1134.5034737461535 1278.2856556292447 1134.5034737461535
gen 49 745 1.2782251834869385 1144.9565436757869 19.22486278524001 1134.5034737461535 1196.2762826905214 1134.5034737461535
gen 50 760 1.3037478923797607 1165.1562148441628 59.04802500447369 1134.5034737461535 1329.2491199478523 1134.5034737461535
gen 51 775 1.3277497291564941 1216.902587691087 98.96455943593345 1134.5034737461535 1477.3362911242252 1134.5034737461535
gen 52 790 1.3517508506774902 1237.696230756277 180.13991640672072 1134.5034737461535 1735.432015845664 1134.5034737461535
gen 53 805 1.3757514953613281 1146.7224907828163 25.622681236658707 1134.5034737461535 1212.8183563130588 1134.5034737461535
gen 54 820 1.4032645225524902 1197.8741520156889 77.3760995525107 1134.5034737461535 1351.2790427045825 1134.5034737461535
gen 55 835 1.4302668571472168 1169.9571360779555 60.89364716700154 1134.5034737461535 1339.288233879841 1134.5034737461535
gen 56 850 1.455263614654541 1204.3397336213213 51.81614156167233 1134.5034737461535 1305.8618772986074 1134.5034737461535
gen 57 865 1.4792640209197998 1162.8259895087742 66.28222798448022 1134.5034737461535 1356.9714748408574 1134.5034737461535
gen 58 880 1.5037906169891357 1146.5700114351803 27.96407667559245 1134.5034737461535 1226.4260543338385 1134.5034737461535
gen 59 895 1.5287890434265137 1153.6074711773294 29.86205741975874 1134.5034737461535 1213.2113586501332 1134.5034737461535
gen 60 910 1.5557899475097656 1139.7422962559363 11.087757224075306 1134.5034737461535 1168.8220487178314 1134.5034737461535
gen 61 925 1.5787417888641357 1218.092720498217 164.283469396545 1134.5034737461535 1679.628012050721 1134.5034737461535
gen 62 940 1.6032636165618896 1170.9355122513575 53.79854818860587 1134.5034737461535 1302.0798578729505 1134.5034737461535
gen 63 955 1.6292634010314941 1173.7053779124158 45.85671996517914 1134.5034737461535 1243.4472959312445 1134.5034737461535
gen 64 970 1.6532630920410156 1191.119698638798 73.55539756114328 1134.5034737461535 1340.834508094546 1134.5034737461535
gen 65 985 1.6732611656188965 1155.3442994736756 30.434276564891668 1134.5034737461535 1229.710019224781 1134.5034737461535
gen 66 1000 1.699272871017456 1162.399502573618 45.80824440822491 1134.5034737461535 1284.7937281669103 1134.5034737461535
gen 67 1015 1.7227911949157715 1187.7040853918156 115.88990237041082 1134.5034737461535 1528.842172157834 1134.5034737461535
gen 68 1030 1.7477903366088867 1194.7923757916517 90.42571745701528 1134.5034737461535 1398.6433123189827 1134.5034737461535
gen 69 1045 1.7703876495361328 1181.1735917939384 49.008890134540756 1134.5034737461535 1285.6123115240632 1134.5034737461535
gen 70 1060 1.7953941822052002 1201.7980648272762 73.70056728916015 1134.5034737461535 1362.3162452884612 1134.5034737461535
gen 71 1075 1.818911075592041 1193.135539017402 143.06377937976646 1134.5034737461535 1619.5166136881421 1134.5034737461535
gen 72 1090 1.8429112434387207 1152.316211708297 31.374056801750847 1134.5034737461535 1226.3625759701729 1134.5034737461535
gen 73 1105 1.8669121265411377 1152.0456165778387 22.619362472446046 1134.5034737461535 1196.2762826905214 1134.5034737461535
gen 74 1120 1.8849096298217773 1331.5420245186529 497.80529542413353 1134.5034737461535 2819.8727294224364 1134.5034737461535
gen 75 1135 1.9064252376556396 1157.796512813008 36.098660047804174 1134.5034737461535 1228.1238733714054 1134.5034737461535
gen 76 1150 1.928426742553711 1147.6656096555785 39.48640772827507 1134.5034737461535 1266.1248328404038 1134.5034737461535
gen 77 1165 1.9454255104064941 1176.6005636111431 54.24013482957334 1134.5034737461535 1270.2527853176516 1134.5034737461535
gen 78 1180 1.9674248695373535 1173.5901259562525 42.966511741927114 1134.5034737461535 1266.1248328404038 1134.5034737461535
gen 79 1195 1.987431526184082 1210.5225066380556 138.3876593907527 1134.5034737461535 1583.7527053822564 1134.5034737461535
gen 80 1210 2.0119478702545166 1367.3916479650431 439.0107435216658 1134.5034737461535 2625.139707184429 1134.5034737461535
gen 81 1225 2.031947612762451 1173.2620699985387 79.23121808390664 1134.5034737461535 1364.9482479545347 1134.5034737461535
gen 82 1240 2.0559489727020264 1178.8017442350367 70.73572893914832 1134.5034737461535 1327.8694740323735 1134.5034737461535
gen 83 1255 2.0799458026885986 1172.2991320949218 69.15656274883791 1134.5034737461535 1351.2790427045825 1134.5034737461535
gen 84 1270 2.1064608097076416 1151.5305451048857 22.571775707550774 1134.5034737461535 1198.9318100294788 1134.5034737461535
gen 85 1285 2.129462480545044 1184.6655322569472 62.58335003988421 1134.5034737461535 1327.8694740323735 1134.5034737461535
gen 86 1300 2.1554646492004395 1164.9076289431268 40.058015401269756 1134.5034737461535 1236.8668334356084 1134.5034737461535
gen 87 1315 2.1794655323028564 1154.7983661847197 26.561767616443372 1134.5034737461535 1201.0222894137764 1134.5034737461535
gen 88 1330 2.20499849319458 1163.6560257977662 37.86440229226407 1134.5034737461535 1230.068905966918 1134.5034737461535
gen 89 1345 2.2289953231811523 1162.8332138382402 56.65533323660685 1134.5034737461535 1327.8694740323735 1134.5034737461535
gen 90 1360 2.253997325897217 1174.8895365992937 81.54008986008797 1134.5034737461535 1410.4545269703585 1134.5034737461535
gen 91 1375 2.2779910564422607 1182.465245513909 75.09591683750261 1134.5034737461535 1351.2790427045825 1134.5034737461535
gen 92 1390 2.3025197982788086 1190.3446159047894 77.63338621389985 1134.5034737461535 1369.9122153732203 1134.5034737461535
gen 93 1405 2.323519229888916 1163.2239672853043 31.130740033129655 1134.5034737461535 1226.4260543338385 1134.5034737461535
gen 94 1420 2.348520278930664 1184.5802199774369 74.45573814831492 1134.5034737461535 1361.572580272229 1134.5034737461535
gen 95 1435 2.370516300201416 1161.7054719324412 36.487956872894244 1134.5034737461535 1227.8055400425499 1134.5034737461535
gen 96 1450 2.394523859024048 1177.8192279296054 60.80238003224701 1134.5034737461535 1316.486480163263 1134.5034737461535
gen 97 1465 2.419043779373169 1156.8578677143473 45.58152443135808 1134.5034737461535 1266.1248328404038 1134.5034737461535
gen 98 1480 2.4460437297821045 1195.5466522326274 102.67864758236442 1134.5034737461535 1465.653328250971 1134.5034737461535
gen 99 1495 2.474041223526001 1191.020933507363 56.52510880321767 1134.5034737461535 1304.7424573230874 1134.5034737461535
[[4, 3, 1, 2, 0], [4, 3, 1, 2, 0], [4, 3, 1, 2, 0], [4, 3, 1, 2, 0], [4, 3, 1, 2, 0]]
min  1134.5034737461535
gaMin [4, 3, 1, 2, 0, 4, 3, 1, 2, 0, 4, 3, 1, 2, 0, 4, 3, 1, 2, 0, 4, 3, 1, 2, 0]
runTime 2.4840409755706787
