gen 0 10 2.2392771244049072 1650.4289281781616 151.83250139558268 1357.9867359282093 1860.7973917447498 1357.9867359282093
gen 1 80 6.68721342086792 1582.6026829813718 94.60543851573505 1453.0224786763765 1718.466831432272 1299.6702369141983
gen 2 150 10.86824631690979 1504.0886223000796 136.53296007145602 1291.7217455729835 1754.2306151045036 1246.6590456476997
gen 3 220 14.925746202468872 1470.17178464283 143.67411683953097 1313.6654755716531 1831.7082153399988 1208.579577952257
gen 4 290 18.929980278015137 1514.4324288086045 99.50020975877605 1291.6410648737306 1630.0145424474376 1165.2822872691083
gen 5 360 22.970054864883423 1485.432746891866 101.20595331443086 1363.0197117153098 1698.6195440238264 1143.1411190256551
gen 6 430 26.66874384880066 1371.4607830427176 151.5107408930418 1079.7235885257116 1581.9394304334205 1079.7235885257116
gen 7 500 30.30230975151062 1440.042935305683 210.2363878793244 1146.7275310234395 1880.2025873659354 1045.464907028197
gen 8 570 34.07895016670227 1411.9782415076368 142.6223323744998 1181.5861051571837 1624.9086053159178 1030.4192570350572
gen 9 640 38.13697075843811 1418.379998234918 118.29959922239732 1283.2121373819496 1683.5163732710353 1016.3781771224527
gen 10 710 42.07564067840576 1431.1411909350663 107.97120959785114 1320.5117866304108 1725.1660292464003 1002.6963251437893
gen 11 780 45.835989236831665 1392.2086661544893 208.151299291111 1100.0443272003656 1747.6050376105309 992.0710263408338
gen 12 850 49.41505527496338 1411.3994930558906 101.45082305583483 1273.5214812763315 1577.8020570453111 969.8246087439363
gen 13 920 52.94156765937805 1292.9715515524626 117.68477032896142 1099.797818678746 1461.3965376495482 948.131358401578
gen 14 990 56.18588352203369 1316.223323605275 97.62113631106521 1070.4156721403183 1417.919192001338 945.8652089333253
gen 15 1060 59.43373775482178 1395.425568493595 141.17620632381806 1079.5071427054384 1624.8163527971924 937.5165006634393
gen 16 1130 62.68292570114136 1400.8659190308313 102.51538931475017 1269.2479853676837 1565.7092871412399 934.305763046146
gen 17 1200 65.68631601333618 1298.968894299366 157.95705824940146 1075.3747754283306 1662.0655189955933 928.2426815199863
gen 18 1270 68.69006204605103 1304.8961014700747 155.66761566669294 1072.9222456980074 1534.1913401657773 926.6815565622348
gen 19 1340 71.90600228309631 1319.8503750927691 173.2946506475189 1060.5093457160792 1541.2380756355449 924.1170003407321
gen 20 1410 75.06913805007935 1348.3385426338734 132.81030467312874 1169.068438985386 1572.8954951179887 920.8854793296331
gen 21 1480 78.68798112869263 1401.5326040009468 156.92195403122903 1059.3031949675162 1723.9573589312668 917.3402898016983
gen 22 1550 82.65966415405273 1389.5420438978292 148.23485821075445 1204.8707651684083 1767.892592307205 915.1627782598665
gen 23 1620 86.19584679603577 1343.4696001524148 158.71949788292008 950.4272869662021 1540.708049227265 913.9251728514267
gen 24 1690 89.53727293014526 1305.7524894367284 107.71425380088978 1119.2229406396266 1514.3575484646715 913.9066420945192
gen 25 1760 92.94386076927185 1477.3571155824284 153.10734244212293 1248.3466375261837 1714.345799167297 909.6884056359545
gen 26 1830 96.00603580474854 1304.309306404802 112.03110686249698 1146.4171007179868 1462.649760168763 906.5302015160518
gen 27 1900 99.06640839576721 1359.3854209868757 196.04160992497933 1003.370272062866 1668.915105557927 894.705251880816
gen 28 1970 102.02140307426453 1387.8870416309924 147.58469541480977 1147.1355730056514 1593.2674861030462 884.9038561987011
gen 29 2040 105.32363486289978 1427.0050790519222 178.30398960053463 1148.5971216116607 1725.899436991589 879.1273378183802
gen 30 2110 108.38176250457764 1349.5516913712725 53.97810581050622 1243.8953566513994 1448.6368774690973 875.8348739295092
gen 31 2180 111.63794493675232 1326.5424802516764 166.69924112648806 1124.0503841855905 1704.8570811566628 875.0966507491876
gen 32 2250 114.473228931427 1284.576523560336 106.39510566285448 1082.8640265558063 1461.3938308282472 872.9205909782476
gen 33 2320 117.45167469978333 1424.7375844589938 167.07933511601374 1189.9711791896805 1748.194080873989 869.1191128159332
gen 34 2390 120.29339098930359 1361.616998871191 116.98898453380764 1184.7313350573802 1559.3509855552322 865.3931881545195
gen 35 2460 122.9833574295044 1312.4305850000387 122.46131756798981 1063.7354202862584 1520.4906797346393 865.0044189907369
gen 36 2530 126.03442144393921 1425.5266718899134 214.98520450346254 1156.3657468868478 1756.2389817146561 864.8898520082519
gen 37 2600 128.73729276657104 1282.6595385460098 175.44610023677674 1060.0717520083583 1604.2934844482782 864.4924370238548
gen 38 2670 131.48489952087402 1311.9273386499913 146.86646377290333 1086.8895548494486 1544.5706204452324 864.4924370238548
gen 39 2740 134.35378050804138 1379.5555565206976 237.0306508234344 985.6948010297482 1901.980010683341 861.7663658217662
gen 40 2810 137.10611367225647 1295.8254831577713 148.18150904077513 1048.2661669552094 1527.3906648846112 861.7663658217662
gen 41 2880 139.68945908546448 1284.4433422649624 129.51579231659667 1077.7949405696495 1499.3987322105304 861.6018370130112
gen 42 2950 142.5046100616455 1347.1664615113555 129.0440129344506 1080.1810526207594 1536.354836453987 855.7861807065837
gen 43 3020 145.37388134002686 1370.1959833158871 176.98999708664067 1169.757696481987 1811.439948638959 850.3259191883487
gen 44 3090 148.1843934059143 1358.6143506569583 172.68394959218222 1106.7973132658951 1633.0448119053035 850.3259191883487
gen 45 3160 151.1210331916809 1391.3464625265362 153.93483856271456 1084.3908800167842 1605.0913290244657 850.3259191883487
gen 46 3230 154.03883934020996 1349.737646453491 158.77565858245364 1022.3752271620763 1611.8796867569765 849.1519256394567
gen 47 3300 156.79423689842224 1352.5320843269983 199.8229764734491 1069.8117418990064 1792.8784334467384 843.0315450323857
gen 48 3370 159.5146768093109 1283.0587205335005 133.58973930594078 1138.9437576074938 1564.9986226756178 840.0242842644491
gen 49 3440 162.04558849334717 1280.8114948310572 124.37800110995137 1134.3695049805872 1569.8435141294076 839.0872579143254
gen 50 3510 164.62325143814087 1371.902471259446 135.9312140590831 1105.4556474122012 1664.2087887832809 839.0872579143254
gen 51 3580 167.48044061660767 1400.330140069678 268.7815573836766 1064.321402967005 1952.0947538677406 839.0872579143254
gen 52 3650 170.02227544784546 1258.1842041545929 202.36740849622166 940.8683909849012 1657.151283917534 837.0201974990306
gen 53 3720 172.78437638282776 1314.265004365655 102.3583033325088 1168.5263742484149 1457.9181313483725 837.0201974990306
gen 54 3790 175.42603492736816 1316.8205194205148 141.76796351474718 1125.1183963140672 1657.3000109534364 837.0201974990306
gen 55 3860 178.12705993652344 1261.884457464955 129.8353805050284 1063.1058986394678 1489.570561398991 837.0201974990306
gen 56 3930 180.79702186584473 1362.3553984024443 239.34418086286206 985.6735522457291 1797.8262678808455 837.0201974990306
gen 57 4000 183.4308054447174 1292.3641826123946 149.3382572937683 1069.2967324430642 1466.5350054993467 837.0201974990306
gen 58 4070 186.3721718788147 1256.4480723576228 146.59383018378276 1104.602291946927 1609.6227566412426 836.6038104702639
gen 59 4140 189.30980229377747 1239.2155550025411 176.31276916688302 1051.0381763482653 1654.953632843517 835.4990556734772
gen 60 4210 195.11563062667847 1348.5671936932831 157.8389862391753 996.9972675293853 1534.1605548904374 835.4990556734772
gen 61 4280 203.24757504463196 1324.6552607638355 161.10585525911875 1074.0974689234263 1581.9522462423588 835.4990556734772
gen 62 4350 210.65050601959229 1300.558504759385 174.52152051304031 1082.2084773710906 1586.4646267289083 835.4990556734772
gen 63 4420 218.95840430259705 1345.07722604811 166.4327180076883 1187.9022319520677 1738.6428264808417 835.4990556734772
gen 64 4490 227.7194447517395 1273.5562326105833 175.6744256398863 976.9272074070668 1616.92439320547 835.4990556734772
gen 65 4560 237.00946927070618 1357.1495010992003 133.60125384699992 1089.2591826194273 1549.637334517945 834.9633393676138
gen 66 4630 245.58094596862793 1377.9916955575375 185.96277229769518 1102.858987664233 1666.6724171123672 834.3778860778588
gen 67 4700 255.2446973323822 1293.2166919024419 216.55954023120722 1020.3817153419625 1721.883289467954 832.1509749191388
gen 68 4770 264.1324203014374 1289.6333829084358 204.33658032663186 1102.9084878928836 1703.804750235646 832.1509749191388
gen 69 4840 272.48486399650574 1330.3047455893884 133.80500602201036 1028.448021703396 1482.8807607272042 832.1509749191388
gen 70 4910 280.4582567214966 1252.5954482122004 185.86525688684608 936.4368259270369 1642.7549119357923 832.1509749191388
gen 71 4980 289.47600984573364 1375.7279021414204 221.8037605613449 1112.4457655324886 1888.4566440962349 831.551296516237
gen 72 5050 298.134868144989 1311.9119392921807 193.76628414049586 1105.8135637358075 1606.3783009040717 827.3728865871997
gen 73 5120 306.12773418426514 1276.130882805975 200.11925811535326 997.0313850699666 1556.5508514107862 826.178060866948
gen 74 5190 314.35863876342773 1256.5295166091896 165.50866337329654 1035.797352949074 1563.5335291036383 824.3765215619071
gen 75 5260 323.1053261756897 1315.3851513997301 172.28056821954323 1008.2430498809532 1691.9762940202597 823.7988809509812
gen 76 5330 332.80472350120544 1271.999939372456 214.5081461735788 987.3935132781702 1739.892912858334 823.7188843979285
gen 77 5400 340.1210353374481 1263.463833307277 87.29570480160277 1119.0684692424502 1416.9986831149802 823.7188843979285
gen 78 5470 346.85156774520874 1200.2216550499493 140.6080180836154 880.3343926637302 1438.592148771001 822.594648914076
gen 79 5540 354.5048222541809 1215.4943035187268 113.6652141647555 1098.0095860493843 1429.9362619357153 822.3670368865731
gen 80 5610 363.5605683326721 1309.9698875332936 208.4769247247493 1031.4202222072486 1751.7286019234032 822.3670368865731
gen 81 5680 370.8191657066345 1242.1065076690948 200.86078676587053 964.2751874704069 1558.8950914322959 817.8214430654461
gen 82 5750 378.2418234348297 1287.9015595889261 181.52903604782747 1121.6787786031698 1719.7237491405165 817.5258181589732
gen 83 5820 385.11664152145386 1163.790796081786 161.47656971324636 1007.3396071550884 1580.7569644180394 817.5258181589732
gen 84 5890 392.87518215179443 1241.099162925129 229.48594407060565 1013.2724784557602 1657.2847494081707 817.5258181589732
gen 85 5960 402.0480034351349 1281.4394466759102 237.353927611316 945.7181318194415 1602.0928231163812 817.5258181589732
gen 86 6030 411.2223355770111 1247.0597240123948 201.8948981148268 965.2297386412748 1696.1182073474577 817.5258181589732
gen 87 6100 419.9918646812439 1219.442380144857 120.02326475610442 1043.8614397317576 1476.1556508012407 815.7000817932568
gen 88 6170 429.9063925743103 1303.275748008034 188.35058190590405 1040.1096028338425 1627.3232154914656 815.7000817932568
gen 89 6240 439.0003674030304 1222.6091626073694 168.69631618350635 959.8000788615241 1456.9682731383266 814.2871555638179
gen 90 6310 446.8726899623871 1296.8816431781393 271.9879380578844 1075.7629435010829 1858.924975035905 814.2871555638179
gen 91 6380 454.52147126197815 1289.2847047446828 171.49722445672725 992.3785053411029 1572.0380536062564 814.2871555638179
gen 92 6450 462.82908153533936 1277.0171129593814 191.8981060060596 1045.7716648780386 1566.71864615701 814.2871555638179
gen 93 6520 470.3343732357025 1241.0020847915403 153.1467031690572 1015.2736061790337 1520.5330820357988 814.2871555638179
gen 94 6590 477.5797448158264 1274.111044605839 179.01712821430166 983.6403612718806 1531.2650898179022 814.2871555638179
gen 95 6660 486.5831735134125 1208.9540952979842 219.3804596710535 863.9294204212694 1625.23668090746 814.2871555638179
gen 96 6730 495.0205419063568 1197.376650359425 142.30230921762916 1000.1001066843266 1430.3537321265148 814.2871555638179
gen 97 6800 501.3188352584839 1243.8043661244888 139.97546182214745 1090.3768473541684 1590.4150167152718 814.2871555638179
gen 98 6870 508.0461571216583 1215.8934921548378 198.07244667081017 935.7379429604971 1547.286470384366 814.2871555638179
gen 99 6940 515.1276428699493 1217.3605035392254 136.56721082053096 986.0756076984704 1474.578865308772 814.2871555638179
[[37, 44, 57, 38, 30], [10, 18, 12, 19, 58, 30], [16, 31, 8, 2, 48, 53, 28], [37, 10, 18, 12, 43, 30], [34, 39, 0, 59, 8, 2, 24, 13, 56, 26, 33, 58, 30], [9, 31, 8, 24, 29, 5, 23], [40, 3, 48, 20, 53, 28], [16, 50, 52, 54, 41, 15], [16, 35, 32, 27, 23], [37, 6, 11, 22, 46], [51, 6, 42, 11, 22, 46], [21, 14, 25, 15], [34, 55, 52, 54, 43, 41], [9, 31, 8, 2, 24, 13, 56, 26, 20, 41, 28], [34, 36, 0, 59, 45, 19, 30], [16, 34, 39, 17, 29, 13, 56, 26, 20, 7, 46], [36, 39, 0, 17, 24, 13, 56, 26, 20, 25, 53, 28], [40, 4, 1, 23], [47, 33, 7, 46], [36, 0, 59, 49, 38, 15]]
min  814.2871555638179
gaMin [37, 44, 57, 38, 30, -1, -1, -1, -1, -1, -1, -1, -1, -1, -1, -1, -1, -1, -1, -1, -1, -1, -1, -1, -1, -1, -1, -1, -1, -1, -1, -1, -1, -1, -1, -1, -1, -1, -1, -1, -1, -1, -1, -1, -1, -1, -1, -1, -1, -1, -1, -1, -1, -1, -1, -1, -1, -1, -1, -1, 10, 18, 12, 19, 58, 30, -1, -1, -1, -1, -1, -1, -1, -1, -1, -1, -1, -1, -1, -1, -1, -1, -1, -1, -1, -1, -1, -1, -1, -1, -1, -1, -1, -1, -1, -1, -1, -1, -1, -1, -1, -1, -1, -1, -1, -1, -1, -1, -1, -1, -1, -1, -1, -1, -1, -1, -1, -1, -1, -1, 16, 31, 8, 2, 48, 53, 28, -1, -1, -1, -1, -1, -1, -1, -1, -1, -1, -1, -1, -1, -1, -1, -1, -1, -1, -1, -1, -1, -1, -1, -1, -1, -1, -1, -1, -1, -1, -1, -1, -1, -1, -1, -1, -1, -1, -1, -1, -1, -1, -1, -1, -1, -1, -1, -1, -1, -1, -1, -1, -1, 37, 10, 18, 12, 43, 30, -1, -1, -1, -1, -1, -1, -1, -1, -1, -1, -1, -1, -1, -1, -1, -1, -1, -1, -1, -1, -1, -1, -1, -1, -1, -1, -1, -1, -1, -1, -1, -1, -1, -1, -1, -1, -1, -1, -1, -1, -1, -1, -1, -1, -1, -1, -1, -1, -1, -1, -1, -1, -1, -1, 34, 39, 0, 59, 8, 2, 24, 13, 56, 26, 33, 58, 30, -1, -1, -1, -1, -1, -1, -1, -1, -1, -1, -1, -1, -1, -1, -1, -1, -1, -1, -1, -1, -1, -1, -1, -1, -1, -1, -1, -1, -1, -1, -1, -1, -1, -1, -1, -1, -1, -1, -1, -1, -1, -1, -1, -1, -1, -1, -1, 9, 31, 8, 24, 29, 5, 23, -1, -1, -1, -1, -1, -1, -1, -1, -1, -1, -1, -1, -1, -1, -1, -1, -1, -1, -1, -1, -1, -1, -1, -1, -1, -1, -1, -1, -1, -1, -1, -1, -1, -1, -1, -1, -1, -1, -1, -1, -1, -1, -1, -1, -1, -1, -1, -1, -1, -1, -1, -1, -1, 40, 3, 48, 20, 53, 28, -1, -1, -1, -1, -1, -1, -1, -1, -1, -1, -1, -1, -1, -1, -1, -1, -1, -1, -1, -1, -1, -1, -1, -1, -1, -1, -1, -1, -1, -1, -1, -1, -1, -1, -1, -1, -1, -1, -1, -1, -1, -1, -1, -1, -1, -1, -1, -1, -1, -1, -1, -1, -1, -1, 16, 50, 52, 54, 41, 15, -1, -1, -1, -1, -1, -1, -1, -1, -1, -1, -1, -1, -1, -1, -1, -1, -1, -1, -1, -1, -1, -1, -1, -1, -1, -1, -1, -1, -1, -1, -1, -1, -1, -1, -1, -1, -1, -1, -1, -1, -1, -1, -1, -1, -1, -1, -1, -1, -1, -1, -1, -1, -1, -1, 16, 35, 32, 27, 23, -1, -1, -1, -1, -1, -1, -1, -1, -1, -1, -1, -1, -1, -1, -1, -1, -1, -1, -1, -1, -1, -1, -1, -1, -1, -1, -1, -1, -1, -1, -1, -1, -1, -1, -1, -1, -1, -1, -1, -1, -1, -1, -1, -1, -1, -1, -1, -1, -1, -1, -1, -1, -1, -1, -1, 37, 6, 11, 22, 46, -1, -1, -1, -1, -1, -1, -1, -1, -1, -1, -1, -1, -1, -1, -1, -1, -1, -1, -1, -1, -1, -1, -1, -1, -1, -1, -1, -1, -1, -1, -1, -1, -1, -1, -1, -1, -1, -1, -1, -1, -1, -1, -1, -1, -1, -1, -1, -1, -1, -1, -1, -1, -1, -1, -1, 51, 6, 42, 11, 22, 46, -1, -1, -1, -1, -1, -1, -1, -1, -1, -1, -1, -1, -1, -1, -1, -1, -1, -1, -1, -1, -1, -1, -1, -1, -1, -1, -1, -1, -1, -1, -1, -1, -1, -1, -1, -1, -1, -1, -1, -1, -1, -1, -1, -1, -1, -1, -1, -1, -1, -1, -1, -1, -1, -1, 21, 14, 25, 15, -1, -1, -1, -1, -1, -1, -1, -1, -1, -1, -1, -1, -1, -1, -1, -1, -1, -1, -1, -1, -1, -1, -1, -1, -1, -1, -1, -1, -1, -1, -1, -1, -1, -1, -1, -1, -1, -1, -1, -1, -1, -1, -1, -1, -1, -1, -1, -1, -1, -1, -1, -1, -1, -1, -1, -1, 34, 55, 52, 54, 43, 41, -1, -1, -1, -1, -1, -1, -1, -1, -1, -1, -1, -1, -1, -1, -1, -1, -1, -1, -1, -1, -1, -1, -1, -1, -1, -1, -1, -1, -1, -1, -1, -1, -1, -1, -1, -1, -1, -1, -1, -1, -1, -1, -1, -1, -1, -1, -1, -1, -1, -1, -1, -1, -1, -1, 9, 31, 8, 2, 24, 13, 56, 26, 20, 41, 28, -1, -1, -1, -1, -1, -1, -1, -1, -1, -1, -1, -1, -1, -1, -1, -1, -1, -1, -1, -1, -1, -1, -1, -1, -1, -1, -1, -1, -1, -1, -1, -1, -1, -1, -1, -1, -1, -1, -1, -1, -1, -1, -1, -1, -1, -1, -1, -1, -1, 34, 36, 0, 59, 45, 19, 30, -1, -1, -1, -1, -1, -1, -1, -1, -1, -1, -1, -1, -1, -1, -1, -1, -1, -1, -1, -1, -1, -1, -1, -1, -1, -1, -1, -1, -1, -1, -1, -1, -1, -1, -1, -1, -1, -1, -1, -1, -1, -1, -1, -1, -1, -1, -1, -1, -1, -1, -1, -1, -1, 16, 34, 39, 17, 29, 13, 56, 26, 20, 7, 46, -1, -1, -1, -1, -1, -1, -1, -1, -1, -1, -1, -1, -1, -1, -1, -1, -1, -1, -1, -1, -1, -1, -1, -1, -1, -1, -1, -1, -1, -1, -1, -1, -1, -1, -1, -1, -1, -1, -1, -1, -1, -1, -1, -1, -1, -1, -1, -1, -1, 36, 39, 0, 17, 24, 13, 56, 26, 20, 25, 53, 28, -1, -1, -1, -1, -1, -1, -1, -1, -1, -1, -1, -1, -1, -1, -1, -1, -1, -1, -1, -1, -1, -1, -1, -1, -1, -1, -1, -1, -1, -1, -1, -1, -1, -1, -1, -1, -1, -1, -1, -1, -1, -1, -1, -1, -1, -1, -1, -1, 40, 4, 1, 23, -1, -1, -1, -1, -1, -1, -1, -1, -1, -1, -1, -1, -1, -1, -1, -1, -1, -1, -1, -1, -1, -1, -1, -1, -1, -1, -1, -1, -1, -1, -1, -1, -1, -1, -1, -1, -1, -1, -1, -1, -1, -1, -1, -1, -1, -1, -1, -1, -1, -1, -1, -1, -1, -1, -1, -1, 47, 33, 7, 46, -1, -1, -1, -1, -1, -1, -1, -1, -1, -1, -1, -1, -1, -1, -1, -1, -1, -1, -1, -1, -1, -1, -1, -1, -1, -1, -1, -1, -1, -1, -1, -1, -1, -1, -1, -1, -1, -1, -1, -1, -1, -1, -1, -1, -1, -1, -1, -1, -1, -1, -1, -1, -1, -1, -1, -1, 36, 0, 59, 49, 38, 15, -1, -1, -1, -1, -1, -1, -1, -1, -1, -1, -1, -1, -1, -1, -1, -1, -1, -1, -1, -1, -1, -1, -1, -1, -1, -1, -1, -1, -1, -1, -1, -1, -1, -1, -1, -1, -1, -1, -1, -1, -1, -1, -1, -1, -1, -1, -1, -1, -1, -1, -1, -1, -1, -1]
runTime 518.7124261856079
