gen 0 10 2.1531190872192383 1677.0174310932366 167.54709194457402 1373.291834761465 2073.094179343985 1373.291834761465
gen 1 80 6.390000820159912 1665.2137796555774 145.09492862126777 1451.0216676860289 1907.2164290303244 1327.4445770554794
gen 2 150 10.382545471191406 1589.1942390026875 159.86165399065015 1318.5861040592745 1856.7917409775298 1296.6289769577309
gen 3 220 14.408626794815063 1571.3497831145319 118.36241368052686 1426.2738094958104 1831.2300010549905 1261.5595032089334
gen 4 290 18.18580651283264 1483.000650058664 136.54783273328746 1220.8769547714883 1725.7632751639364 1220.8769547714883
gen 5 360 22.31618022918701 1561.573525056225 118.5456857237327 1367.9575325550293 1819.2562999254792 1198.2326737578956
gen 6 430 26.3471839427948 1508.0136712488966 139.32800563817702 1269.42215065553 1678.4700217218585 1177.8589627797578
gen 7 500 29.959218502044678 1410.9569190250672 126.7900763031059 1242.6537922031657 1628.757294918234 1153.9775438195493
gen 8 570 33.93590712547302 1448.224108018472 143.15964297035214 1271.9562414372717 1753.3523189385444 1124.6986954432134
gen 9 640 37.89649748802185 1378.3312543026677 114.16649636829669 1234.5124897971132 1598.744912214985 1103.6384529323377
gen 10 710 41.80758261680603 1420.6844853169682 158.14937296519736 1160.040604065377 1720.639499463391 1089.0216237130564
gen 11 780 45.421180725097656 1378.9194981507449 166.7218840530079 1092.9783923608136 1738.5156253318999 1082.3519000722608
gen 12 850 48.97284913063049 1362.8477238088983 121.29147433680482 1206.590689105051 1550.5391569904482 1069.2479953299405
gen 13 920 52.85504508018494 1384.7481240970646 133.7972257796414 1102.7460173807965 1625.8436787527205 1047.8360804873175
gen 14 990 56.16987371444702 1356.1417253521543 106.23488126989551 1207.9338219625927 1593.2436294461568 1032.3452646144153
gen 15 1060 59.47773790359497 1368.0365002883532 87.9155380657802 1257.9036350509264 1537.7380288914778 1029.1349373353667
gen 16 1130 62.80025672912598 1363.6832064746698 119.71611240811143 1190.1990006245496 1514.827967034488 1019.6347917681131
gen 17 1200 66.14367723464966 1372.962004772135 140.4434547645214 1128.0943949079847 1628.1919565660412 1013.3339573821403
gen 18 1270 69.4664192199707 1395.2006675440323 151.04754343191112 1119.7890555083682 1652.2083994743023 1002.9823824670668
gen 19 1340 72.77048420906067 1446.0336477404755 219.91524542610776 1137.1624120557742 1793.973364633178 998.5206374187122
gen 20 1410 76.1153953075409 1451.0840515477557 162.38711987420268 1212.0702192707283 1707.3452312438346 985.1493917147492
gen 21 1480 79.57087850570679 1341.3664948506835 155.7424650576083 1031.9944652057318 1536.5274914227539 982.2951754516591
gen 22 1550 83.41593360900879 1457.1506678064993 149.40656575753232 1171.6460413379668 1681.9298213928578 973.8537290356165
gen 23 1620 86.6824107170105 1349.7592861603698 187.62897558043 1035.7457536619816 1575.0329090530938 957.4380418488233
gen 24 1690 89.93389940261841 1361.9504156611433 70.7529337112694 1218.9209857656244 1470.3499221839204 943.6925696320529
gen 25 1760 92.96085858345032 1349.3550951402176 177.1805626142811 1019.8855754819919 1680.7803417552877 943.2863955021985
gen 26 1830 95.85848689079285 1359.6663960550056 112.5554881907417 1087.4712772413225 1492.9988013115938 943.2863955021985
gen 27 1900 98.74921560287476 1386.407787681732 171.03920898211544 1093.1799614646034 1741.2163684745628 940.9798892575682
gen 28 1970 101.5252685546875 1337.7933883769822 176.43267670615953 1107.6140065777959 1654.2659465974953 940.5308230164654
gen 29 2040 104.58034634590149 1467.2346591868427 116.19349384896647 1362.2822479069596 1778.8584032373906 940.5308230164654
gen 30 2110 107.53349018096924 1365.260082131203 127.33859699115263 1232.106163677394 1646.4327676845176 940.5308230164654
gen 31 2180 110.56091785430908 1437.4021841969748 102.47327987244567 1296.4519356612134 1629.6316729238865 938.1900255710585
gen 32 2250 113.50816035270691 1313.5943080007853 138.18097365628384 1153.3680070072608 1566.7118241423584 919.0315692435922
gen 33 2320 116.4446976184845 1398.194355225589 102.47224072834973 1268.5687148896181 1652.6202599515073 919.0315692435922
gen 34 2390 119.3380229473114 1433.0721900732724 117.5299847678525 1233.1444763896209 1601.1959030896492 919.0315692435922
gen 35 2460 122.31515884399414 1413.1878742201825 158.8710666027943 1129.6086020931627 1673.7235938275485 919.0315692435922
gen 36 2530 125.20806574821472 1441.761645563161 152.0631110798741 1140.6119957800204 1651.260218951883 919.0315692435922
gen 37 2600 127.98027610778809 1389.8163997284341 196.90361626394724 1161.5327324529062 1681.1274332605167 916.3130462416295
gen 38 2670 130.80583882331848 1359.8572809232887 121.42177691252415 1183.8804407131397 1577.222204119268 916.3130462416295
gen 39 2740 133.75633096694946 1440.9765553508712 133.05151878162246 1243.4916326320454 1629.865789178936 915.2243064702266
gen 40 2810 136.53683972358704 1319.1958229854304 175.95067648519745 1051.3385097376981 1669.8230898601655 906.7222191749795
gen 41 2880 139.18113708496094 1309.2692377014996 109.01204901018042 1131.0622049309532 1505.7004105286762 903.4654981433052
gen 42 2950 142.17592334747314 1450.4905814963186 118.45884387524437 1181.2137136040249 1642.8072125116319 897.3298877929187
gen 43 3020 145.00777411460876 1359.1209392323303 177.84000263064425 1068.141152088434 1555.3073772125972 897.1791260062644
gen 44 3090 147.82045197486877 1404.6932131882652 114.24610006278489 1139.071168432833 1585.7208640348658 897.1791260062644
gen 45 3160 150.7122654914856 1371.6195949004086 156.17311202558386 1084.2715723364977 1623.3690967980117 897.1791260062644
gen 46 3230 153.55184197425842 1412.9003385582178 146.88632990081038 1206.057309770063 1722.2004921547007 894.453326041199
gen 47 3300 156.2790355682373 1352.842608619457 202.73176117941887 1043.7423744908372 1608.6838581066665 894.453326041199
gen 48 3370 158.92746472358704 1355.2121409193364 181.31145796400446 1113.2221917268953 1681.4396573585134 894.453326041199
gen 49 3440 161.58874130249023 1327.0007616804503 116.16994517193055 1109.3892206019984 1544.2628193233454 892.4262884741232
gen 50 3510 164.370863199234 1435.4458207362954 219.3411834706235 1077.9004986950958 1858.0257766798093 892.4262884741232
gen 51 3580 167.25486660003662 1414.6485698987456 168.73573797437567 1098.9581957764117 1650.50713243665 892.4262884741232
gen 52 3650 170.0797963142395 1400.7492931588986 183.52518662070815 1175.375473758864 1806.0284921291513 892.4262884741232
gen 53 3720 172.94589567184448 1381.546289711243 118.94565832697326 1159.5060407334724 1550.7884624651658 892.4262884741232
gen 54 3790 175.802818775177 1412.1787447786005 134.0472489829137 1135.2759861574978 1619.0906158283658 892.4262884741232
gen 55 3860 178.5529227256775 1392.1301223689634 179.46942632897444 1202.6601926973344 1713.7046531502142 891.9875090703546
gen 56 3930 181.56592559814453 1465.606806876503 143.94372071453594 1214.627856607452 1656.4835836698983 891.9875090703546
gen 57 4000 184.34179282188416 1399.7893098970367 113.51145104981123 1202.3413949656883 1605.3731198785642 891.9875090703546
gen 58 4070 187.84094047546387 1419.4787157361584 108.56770638211371 1248.8921789157034 1635.9267147228024 891.9875090703546
gen 59 4140 193.42954206466675 1333.9678444055014 87.27217966371677 1178.6363386775774 1457.0858474950314 891.9875090703546
gen 60 4210 203.13906455039978 1387.3540137629248 174.75322594543275 1060.7688520711083 1622.9251848405036 891.9875090703546
gen 61 4280 212.10960984230042 1381.996067559737 136.86351149982914 1117.293408349007 1553.6720715387723 891.9875090703546
gen 62 4350 222.07584190368652 1414.2873731456416 83.32242252969199 1279.3732411935139 1569.2040407987338 891.9875090703546
gen 63 4420 232.99188494682312 1354.5414406713253 166.30138245337204 1056.5869331550105 1584.2280261391 891.9875090703546
gen 64 4490 242.64461398124695 1469.1627383993675 101.47907374792668 1355.1174952626034 1650.0835044754886 891.9875090703546
gen 65 4560 252.9833722114563 1389.072627269381 141.13557563976863 1141.7296711694457 1593.892541709506 891.3971043812182
gen 66 4630 262.5781693458557 1368.8374006177714 131.7968877399211 1058.6616917837143 1576.5710491930988 891.3971043812182
gen 67 4700 270.7154793739319 1392.179664898787 205.63829808812534 1071.4597307992876 1724.8717187904379 891.3971043812182
gen 68 4770 279.3535535335541 1389.6304255735893 128.3963102515611 1111.5343300326401 1559.339442100954 891.3499210691064
gen 69 4840 288.93885040283203 1490.7179346211856 94.5760968374701 1363.9374109192036 1701.4546435327736 891.2884644505453
gen 70 4910 298.57880449295044 1439.1981718580957 124.33355572314089 1244.9672727008865 1593.4608837786807 891.2884644505453
gen 71 4980 308.48767161369324 1314.4883833346898 180.28855324721323 1051.954667586842 1658.5238066474958 889.3635420230269
gen 72 5050 316.3748707771301 1402.0328059765516 153.30524942069667 1236.3717347207887 1673.9556500074295 889.3635420230269
gen 73 5120 323.96188521385193 1403.6715076744272 223.0809225777243 1045.6190033582254 1822.4295521606193 885.3950102535119
gen 74 5190 333.77091336250305 1377.600816170228 192.75426979987566 1123.4119305623199 1664.7385584638705 885.3950102535119
gen 75 5260 342.2141749858856 1348.610466960082 156.98937126230555 1092.663371739023 1573.902560909473 882.4871717227334
gen 76 5330 350.68456292152405 1431.7520029782577 221.779722157064 1017.0977381133251 1808.8536848216374 882.4871717227334
gen 77 5400 359.41039872169495 1250.3709626912514 124.27811748275846 990.7749611591382 1400.4736796741815 882.4871717227334
gen 78 5470 367.87421321868896 1359.866891812692 116.45475751237888 1190.8067608932506 1540.1318626768148 882.4871717227334
gen 79 5540 377.47653317451477 1250.336853980097 161.1338600152798 958.1332591915798 1539.4213549053877 882.4871717227334
gen 80 5610 385.35284757614136 1367.1993678612423 168.47887034375432 1086.4841597916586 1655.7555778895023 882.4871717227334
gen 81 5680 393.28394198417664 1335.437948266583 157.51618837974866 1139.8316270147154 1613.3357609535824 882.4871717227334
gen 82 5750 401.2676703929901 1300.6041671054 128.10796663245563 1067.193776425481 1492.8352303809352 882.3153089252121
gen 83 5820 409.8178389072418 1356.0534383245413 215.95015418621082 993.3470461730673 1656.8711499224348 882.3153089252121
gen 84 5890 418.3982717990875 1395.8077970060508 196.0670017687751 1100.0587393820824 1673.3445200589338 882.3153089252121
gen 85 5960 427.7235758304596 1436.5614904467207 156.26845612884472 1132.5870547153042 1623.3058496860476 882.3153089252121
gen 86 6030 435.098699092865 1290.6851724377702 162.7038350070249 1069.8435407714003 1649.0210129569246 882.2723307693562
gen 87 6100 441.914630651474 1292.1906491303444 181.41330390197297 953.5122327496073 1598.758027744195 882.2723307693562
gen 88 6170 450.6822144985199 1362.758178213072 325.0211588474906 1019.4211241075625 2077.0312769984293 882.2642077178123
gen 89 6240 459.1836473941803 1310.9876706442958 151.88477377773725 1022.6644059862905 1516.4469835905224 880.5751001287305
gen 90 6310 466.36298179626465 1347.6958968730087 195.05390415299982 1120.729507419216 1695.2583773817705 880.5751001287305
gen 91 6380 475.1902985572815 1301.730180276602 149.98222502127146 1073.1587533247064 1502.1403901142485 880.5751001287305
gen 92 6450 484.35225677490234 1336.7499612156012 164.18597143540617 1095.6153344217864 1611.7085850550018 880.5751001287305
gen 93 6520 494.59965777397156 1436.8208896445622 181.29941644737133 1015.2625592095517 1677.3143721183606 878.9622078492806
gen 94 6590 502.60289669036865 1362.1261380685369 216.6967306748943 1087.820184819297 1694.1546415443156 878.9622078492806
gen 95 6660 510.87718200683594 1356.1807663368102 124.33417670341858 1034.0235328715182 1468.9480323427954 878.0856496299488
gen 96 6730 518.9068434238434 1314.6028004994155 247.03583149678957 961.128636323142 1877.334201360103 878.0187359692803
gen 97 6800 527.6898770332336 1290.2855621057538 130.10527491569786 1035.4796346295961 1525.2458668218387 878.0187359692803
gen 98 6870 534.376519203186 1284.4302561022018 177.79912257213476 1066.5787238011571 1637.0285347809506 878.0187359692803
gen 99 6940 542.8430831432343 1309.635242619425 167.8477423223502 1082.027019592791 1615.4658477912756 878.0187359692803
[[41, 46, 47, 37, 29, 13, 26], [16, 21, 14, 31, 8, 24, 9, 49], [23, 45, 49], [44, 40, 1, 48], [35, 15, 40, 1, 48], [4, 53, 3, 57, 18], [0, 17, 31, 8, 2, 24, 9, 10, 48], [43, 51, 27, 25, 20, 26], [16, 23, 42, 5, 25, 26], [38, 58, 57, 18], [16, 30, 37, 56, 13, 26], [34, 39, 6, 19, 12], [22, 29, 11, 26], [36, 0, 59, 14, 31, 8, 2, 24, 9, 10, 18], [16, 34, 39, 36, 0, 59, 14, 31, 8, 2, 24, 9, 13, 26], [39, 36, 0, 59, 31, 8, 2, 24, 10, 18], [43, 51, 32, 7, 20, 26], [52, 50, 55, 49], [54, 28, 11, 26], [33, 47, 27, 19, 18]]
min  878.0187359692803
gaMin [41, 46, 47, 37, 29, 13, 26, -1, -1, -1, -1, -1, -1, -1, -1, -1, -1, -1, -1, -1, -1, -1, -1, -1, -1, -1, -1, -1, -1, -1, -1, -1, -1, -1, -1, -1, -1, -1, -1, -1, -1, -1, -1, -1, -1, -1, -1, -1, -1, -1, -1, -1, -1, -1, -1, -1, -1, -1, -1, -1, 16, 21, 14, 31, 8, 24, 9, 49, -1, -1, -1, -1, -1, -1, -1, -1, -1, -1, -1, -1, -1, -1, -1, -1, -1, -1, -1, -1, -1, -1, -1, -1, -1, -1, -1, -1, -1, -1, -1, -1, -1, -1, -1, -1, -1, -1, -1, -1, -1, -1, -1, -1, -1, -1, -1, -1, -1, -1, -1, -1, 23, 45, 49, -1, -1, -1, -1, -1, -1, -1, -1, -1, -1, -1, -1, -1, -1, -1, -1, -1, -1, -1, -1, -1, -1, -1, -1, -1, -1, -1, -1, -1, -1, -1, -1, -1, -1, -1, -1, -1, -1, -1, -1, -1, -1, -1, -1, -1, -1, -1, -1, -1, -1, -1, -1, -1, -1, -1, -1, -1, 44, 40, 1, 48, -1, -1, -1, -1, -1, -1, -1, -1, -1, -1, -1, -1, -1, -1, -1, -1, -1, -1, -1, -1, -1, -1, -1, -1, -1, -1, -1, -1, -1, -1, -1, -1, -1, -1, -1, -1, -1, -1, -1, -1, -1, -1, -1, -1, -1, -1, -1, -1, -1, -1, -1, -1, -1, -1, -1, -1, 35, 15, 40, 1, 48, -1, -1, -1, -1, -1, -1, -1, -1, -1, -1, -1, -1, -1, -1, -1, -1, -1, -1, -1, -1, -1, -1, -1, -1, -1, -1, -1, -1, -1, -1, -1, -1, -1, -1, -1, -1, -1, -1, -1, -1, -1, -1, -1, -1, -1, -1, -1, -1, -1, -1, -1, -1, -1, -1, -1, 4, 53, 3, 57, 18, -1, -1, -1, -1, -1, -1, -1, -1, -1, -1, -1, -1, -1, -1, -1, -1, -1, -1, -1, -1, -1, -1, -1, -1, -1, -1, -1, -1, -1, -1, -1, -1, -1, -1, -1, -1, -1, -1, -1, -1, -1, -1, -1, -1, -1, -1, -1, -1, -1, -1, -1, -1, -1, -1, -1, 0, 17, 31, 8, 2, 24, 9, 10, 48, -1, -1, -1, -1, -1, -1, -1, -1, -1, -1, -1, -1, -1, -1, -1, -1, -1, -1, -1, -1, -1, -1, -1, -1, -1, -1, -1, -1, -1, -1, -1, -1, -1, -1, -1, -1, -1, -1, -1, -1, -1, -1, -1, -1, -1, -1, -1, -1, -1, -1, -1, 43, 51, 27, 25, 20, 26, -1, -1, -1, -1, -1, -1, -1, -1, -1, -1, -1, -1, -1, -1, -1, -1, -1, -1, -1, -1, -1, -1, -1, -1, -1, -1, -1, -1, -1, -1, -1, -1, -1, -1, -1, -1, -1, -1, -1, -1, -1, -1, -1, -1, -1, -1, -1, -1, -1, -1, -1, -1, -1, -1, 16, 23, 42, 5, 25, 26, -1, -1, -1, -1, -1, -1, -1, -1, -1, -1, -1, -1, -1, -1, -1, -1, -1, -1, -1, -1, -1, -1, -1, -1, -1, -1, -1, -1, -1, -1, -1, -1, -1, -1, -1, -1, -1, -1, -1, -1, -1, -1, -1, -1, -1, -1, -1, -1, -1, -1, -1, -1, -1, -1, 38, 58, 57, 18, -1, -1, -1, -1, -1, -1, -1, -1, -1, -1, -1, -1, -1, -1, -1, -1, -1, -1, -1, -1, -1, -1, -1, -1, -1, -1, -1, -1, -1, -1, -1, -1, -1, -1, -1, -1, -1, -1, -1, -1, -1, -1, -1, -1, -1, -1, -1, -1, -1, -1, -1, -1, -1, -1, -1, -1, 16, 30, 37, 56, 13, 26, -1, -1, -1, -1, -1, -1, -1, -1, -1, -1, -1, -1, -1, -1, -1, -1, -1, -1, -1, -1, -1, -1, -1, -1, -1, -1, -1, -1, -1, -1, -1, -1, -1, -1, -1, -1, -1, -1, -1, -1, -1, -1, -1, -1, -1, -1, -1, -1, -1, -1, -1, -1, -1, -1, 34, 39, 6, 19, 12, -1, -1, -1, -1, -1, -1, -1, -1, -1, -1, -1, -1, -1, -1, -1, -1, -1, -1, -1, -1, -1, -1, -1, -1, -1, -1, -1, -1, -1, -1, -1, -1, -1, -1, -1, -1, -1, -1, -1, -1, -1, -1, -1, -1, -1, -1, -1, -1, -1, -1, -1, -1, -1, -1, -1, 22, 29, 11, 26, -1, -1, -1, -1, -1, -1, -1, -1, -1, -1, -1, -1, -1, -1, -1, -1, -1, -1, -1, -1, -1, -1, -1, -1, -1, -1, -1, -1, -1, -1, -1, -1, -1, -1, -1, -1, -1, -1, -1, -1, -1, -1, -1, -1, -1, -1, -1, -1, -1, -1, -1, -1, -1, -1, -1, -1, 36, 0, 59, 14, 31, 8, 2, 24, 9, 10, 18, -1, -1, -1, -1, -1, -1, -1, -1, -1, -1, -1, -1, -1, -1, -1, -1, -1, -1, -1, -1, -1, -1, -1, -1, -1, -1, -1, -1, -1, -1, -1, -1, -1, -1, -1, -1, -1, -1, -1, -1, -1, -1, -1, -1, -1, -1, -1, -1, -1, 16, 34, 39, 36, 0, 59, 14, 31, 8, 2, 24, 9, 13, 26, -1, -1, -1, -1, -1, -1, -1, -1, -1, -1, -1, -1, -1, -1, -1, -1, -1, -1, -1, -1, -1, -1, -1, -1, -1, -1, -1, -1, -1, -1, -1, -1, -1, -1, -1, -1, -1, -1, -1, -1, -1, -1, -1, -1, -1, -1, 39, 36, 0, 59, 31, 8, 2, 24, 10, 18, -1, -1, -1, -1, -1, -1, -1, -1, -1, -1, -1, -1, -1, -1, -1, -1, -1, -1, -1, -1, -1, -1, -1, -1, -1, -1, -1, -1, -1, -1, -1, -1, -1, -1, -1, -1, -1, -1, -1, -1, -1, -1, -1, -1, -1, -1, -1, -1, -1, -1, 43, 51, 32, 7, 20, 26, -1, -1, -1, -1, -1, -1, -1, -1, -1, -1, -1, -1, -1, -1, -1, -1, -1, -1, -1, -1, -1, -1, -1, -1, -1, -1, -1, -1, -1, -1, -1, -1, -1, -1, -1, -1, -1, -1, -1, -1, -1, -1, -1, -1, -1, -1, -1, -1, -1, -1, -1, -1, -1, -1, 52, 50, 55, 49, -1, -1, -1, -1, -1, -1, -1, -1, -1, -1, -1, -1, -1, -1, -1, -1, -1, -1, -1, -1, -1, -1, -1, -1, -1, -1, -1, -1, -1, -1, -1, -1, -1, -1, -1, -1, -1, -1, -1, -1, -1, -1, -1, -1, -1, -1, -1, -1, -1, -1, -1, -1, -1, -1, -1, -1, 54, 28, 11, 26, -1, -1, -1, -1, -1, -1, -1, -1, -1, -1, -1, -1, -1, -1, -1, -1, -1, -1, -1, -1, -1, -1, -1, -1, -1, -1, -1, -1, -1, -1, -1, -1, -1, -1, -1, -1, -1, -1, -1, -1, -1, -1, -1, -1, -1, -1, -1, -1, -1, -1, -1, -1, -1, -1, -1, -1, 33, 47, 27, 19, 18, -1, -1, -1, -1, -1, -1, -1, -1, -1, -1, -1, -1, -1, -1, -1, -1, -1, -1, -1, -1, -1, -1, -1, -1, -1, -1, -1, -1, -1, -1, -1, -1, -1, -1, -1, -1, -1, -1, -1, -1, -1, -1, -1, -1, -1, -1, -1, -1, -1, -1, -1, -1, -1, -1, -1]
runTime 545.7261657714844
