gen 0 10 2.303800582885742 1796.4194355468844 156.09206095702757 1508.9747418236855 2002.579379404307 1508.9747418236855
gen 1 80 6.7312171459198 1582.4338383616778 80.38002447983136 1459.353175550201 1709.7768474477195 1453.3230368773884
gen 2 150 11.140376806259155 1588.1055519746526 101.0265004636 1419.8943209812583 1781.9538853912964 1387.4111694861822
gen 3 220 15.327589750289917 1558.0517553039183 106.2776697293631 1387.7260107012507 1687.77955031651 1312.4082007723528
gen 4 290 19.505330801010132 1666.058133761173 112.68604719440278 1457.0967702544642 1844.8148639584579 1276.9704941570362
gen 5 360 23.641957759857178 1585.755827752926 133.1166474571678 1417.6690284315184 1785.6577096749113 1257.7066055287723
gen 6 430 27.571775913238525 1564.9844581250215 128.91159338565598 1350.275267987715 1749.457227860116 1244.7969267642936
gen 7 500 31.57271957397461 1600.509266231363 136.79341936683898 1394.2229838273354 1825.320245081428 1204.7677450480066
gen 8 570 35.74621248245239 1578.6355583723034 127.75031494848496 1321.1240963992964 1746.8279489757558 1185.215019400273
gen 9 640 40.21825432777405 1510.7763810303827 109.97552189708152 1385.1421179952595 1702.4209845526418 1157.1515155224565
gen 10 710 44.2048978805542 1559.3278566042195 147.2001546590855 1349.082583794913 1766.7845139756994 1137.5363176153242
gen 11 780 47.94976472854614 1485.8984403242002 91.50689009438146 1366.1527262353568 1693.2596216632837 1113.1390237536505
gen 12 850 51.82737874984741 1505.1428046796082 150.07697867964708 1328.485920636987 1837.221640684606 1088.7411460321223
gen 13 920 55.38210415840149 1455.0016374060358 181.45851540923218 1171.8105085142151 1878.4226784989328 1070.7328531303974
gen 14 990 58.955121755599976 1496.7660872053052 128.4602856589029 1253.7824931880339 1687.9433468121447 1054.4947084951339
gen 15 1060 62.29828405380249 1461.4056426207326 139.65913995365307 1227.9855719900097 1653.2405740556574 1045.6580216237712
gen 16 1130 65.53973531723022 1449.9631163655372 128.85819074403008 1143.7173814850726 1631.484664475241 1024.3676269482341
gen 17 1200 68.9141149520874 1534.5407469716988 114.94667681232154 1297.238686318408 1728.0459898514237 1008.9366517982503
gen 18 1270 72.16605472564697 1416.74280146599 157.63202563206573 1143.3055727174722 1615.2476133510693 1004.200371606207
gen 19 1340 75.351393699646 1474.6959082704489 169.1388638735479 1216.255910440117 1729.8545457743298 1002.7576397526835
gen 20 1410 78.68896770477295 1418.0461281714877 133.65339890614925 1167.0463069299487 1603.5458014911512 1001.0696558162948
gen 21 1480 82.55953240394592 1402.6858342850057 119.16750917640078 1206.6374911750154 1609.094946873088 999.7016972690946
gen 22 1550 85.82233762741089 1375.8995697078708 146.34781130646127 1171.6899306368598 1600.8891166773028 991.2973828595335
gen 23 1620 89.15862989425659 1344.2157455576878 84.03899924941067 1252.2000581280868 1494.4599180868545 982.8339390840869
gen 24 1690 92.20585680007935 1364.2206283579467 118.84774927801898 1164.485038111049 1600.1861484576793 969.8174605426328
gen 25 1760 95.38868689537048 1455.407793229337 176.24345660206677 1194.2399816240452 1802.2831842120202 967.8720741689568
gen 26 1830 98.48939204216003 1441.7197203900737 95.48718774213762 1244.9686827925798 1583.192137811109 962.5911642711749
gen 27 1900 101.65736293792725 1484.8485914554763 231.59621584291827 1048.4408927041798 1892.0660878534513 958.9281207949832
gen 28 1970 104.56699562072754 1374.083402574826 90.38183763807133 1239.0447627922767 1583.464547055659 953.1210727101177
gen 29 2040 108.01465106010437 1541.0629026433592 190.29167242038088 1239.521187840742 1807.0765454843165 951.9085128278638
gen 30 2110 111.3996102809906 1411.3684427275373 141.6143041716939 1115.542550390568 1632.38380684589 949.1426578839344
gen 31 2180 114.62776279449463 1415.533096411784 150.7038580243616 1174.3237878396528 1661.5895515735854 943.9518949865089
gen 32 2250 117.75109124183655 1396.5385131423545 112.0967556009764 1266.115767677305 1622.1540716350735 937.3476953749287
gen 33 2320 120.63032007217407 1390.820766722181 155.51088184163441 1093.588354187157 1648.7932704436414 932.5661851463144
gen 34 2390 123.55139327049255 1385.3458747925717 178.74728884663097 1144.1300334270254 1743.1223968893564 931.4312688537941
gen 35 2460 126.56603741645813 1476.5834904720207 132.47560094548552 1214.3834389673395 1689.516096425617 927.8419406015812
gen 36 2530 129.5445351600647 1423.0960283652735 105.0058713452637 1283.6589113433063 1617.0336318743657 923.1131915522528
gen 37 2600 132.4175877571106 1346.5076783054276 119.327926184149 1146.537134988818 1506.576214797212 909.0642399767165
gen 38 2670 135.33799481391907 1386.4798413925892 158.1871959462866 1185.312020508812 1737.9638220505478 899.7103913989858
gen 39 2740 138.22205471992493 1362.7614560464483 113.61055357395557 1151.4867650961564 1573.3924000510058 895.7608061247095
gen 40 2810 140.96108889579773 1408.2500115457221 154.64703629479263 1207.77495952862 1752.089049548964 895.4462072291225
gen 41 2880 143.93688011169434 1440.4294060806856 220.48132807036848 1193.8941888007255 1900.8838624403504 895.1779779304024
gen 42 2950 146.74217343330383 1303.8900986033655 153.75539136417882 1022.8298293107874 1482.7271399670822 895.1779779304024
gen 43 3020 149.6333487033844 1377.562886951008 150.49130615834068 1076.1435275102958 1563.411827137254 895.1779779304024
gen 44 3090 152.5189769268036 1413.4876877322235 202.2032376538178 1114.2093854515297 1775.6498220728042 894.9728128604402
gen 45 3160 155.34822392463684 1384.0832976275688 137.26462017629441 1222.5326516988632 1710.221048175196 889.3951220192125
gen 46 3230 158.103933095932 1322.161143559788 144.6686357304288 966.4580595983841 1476.7118048786554 887.0802114138728
gen 47 3300 160.9942705631256 1385.486948997569 196.95160317680572 1112.5674385357584 1612.2455739108448 884.0819903015323
gen 48 3370 163.73311853408813 1338.1550917038708 134.46075035274853 1144.8725615798721 1611.4631736113672 883.5968636621456
gen 49 3440 166.46803545951843 1371.5953887194657 133.20188016591013 1115.8117793790552 1585.147253555966 883.5968636621456
gen 50 3510 169.35261416435242 1383.6965143297498 132.6016046508874 1229.194817806835 1548.390905518541 883.5968636621456
gen 51 3580 172.19853401184082 1365.3009506064623 139.49573498887122 1126.322352795752 1556.7799944452088 883.5968636621456
gen 52 3650 175.0449275970459 1414.1750929406496 181.84977892662695 1151.3297352436948 1786.4946037785928 883.5968636621456
gen 53 3720 177.87301898002625 1389.165589055211 161.12111256560652 1225.097583278496 1724.8717862154278 883.5968636621456
gen 54 3790 180.95856189727783 1409.059571547689 155.86486292307634 1134.0997511603114 1656.2196466613818 883.5968636621456
gen 55 3860 183.73419332504272 1352.8733043774307 134.30944017683285 1221.1237227740285 1605.2639023373406 883.5968636621456
gen 56 3930 187.09238934516907 1370.3240892478639 167.19600506374098 1049.6271017717802 1624.0065230489877 883.5968636621456
gen 57 4000 190.96856212615967 1410.015554376811 172.6068456281249 1180.730069382914 1774.8196491820854 883.5968636621456
gen 58 4070 199.84141373634338 1359.6393078960295 166.21394802319134 1009.4950735118608 1582.4139728440816 883.5968636621456
gen 59 4140 208.47646689414978 1422.8667285933755 78.28486546767516 1287.2447762514732 1593.0412439213376 883.5968636621456
gen 60 4210 217.76083850860596 1411.2547450070165 105.57864699127715 1232.9562845368498 1589.043618900683 883.5968636621456
gen 61 4280 225.88039445877075 1368.8228295006054 167.12718627089197 1120.416245347493 1615.2930997608296 883.5968636621456
gen 62 4350 235.77021384239197 1376.1191544550998 180.68629154940683 1130.4440433438633 1768.8140245319025 883.5968636621456
gen 63 4420 244.8983268737793 1375.1414116520916 140.43023908042602 1104.433609792451 1574.7371097235937 883.5968636621456
gen 64 4490 253.93669056892395 1419.6860353341287 229.85511807314214 1185.4195364446953 2016.6476377419945 883.5968636621456
gen 65 4560 261.6290147304535 1391.6914206244796 159.01123297606472 1097.0380867988977 1598.1302218809446 883.5968636621456
gen 66 4630 271.18675208091736 1389.9230222968013 108.83387331419594 1251.5534886853163 1590.5131854931924 883.5968636621456
gen 67 4700 280.3556761741638 1353.8109064000296 158.2935615177773 1084.9157071328016 1585.4752324596332 883.5968636621456
gen 68 4770 289.075257062912 1397.092215880713 107.3964449933282 1188.0369841602044 1583.635440370263 883.5968636621456
gen 69 4840 299.1354196071625 1369.888604745164 82.00554627687012 1217.5772870329874 1521.2876430486817 883.5968636621456
gen 70 4910 307.70878505706787 1375.149120563312 129.5540153691086 1193.574559400721 1587.1207491424764 882.481660556893
gen 71 4980 317.7497742176056 1427.0551052004387 122.94601866552222 1215.522905238774 1661.4142601697301 882.481660556893
gen 72 5050 327.38713335990906 1449.5552050385506 227.43693545230266 1097.27746835121 1785.249725025408 880.6369877712818
gen 73 5120 335.39040064811707 1391.2360064694574 171.3997305368343 1046.298070109363 1657.7064644945935 880.2631679317383
gen 74 5190 344.45599484443665 1377.8661600754406 184.58732127347537 1009.4903924503805 1721.1285257317397 880.2631679317383
gen 75 5260 354.2536108493805 1372.541287384463 140.34795904591192 1220.7165712665173 1648.0130673748856 880.2631679317383
gen 76 5330 362.7481942176819 1361.5678749768724 193.8772221066578 1056.7582002141755 1637.244475018675 880.2631679317383
gen 77 5400 371.84835290908813 1381.2247823295593 162.09255695326775 1122.4374378288505 1650.8843517138225 880.2631679317383
gen 78 5470 380.93740463256836 1302.7702378961037 88.49950302146554 1178.3890829986879 1438.7175652713256 880.2631679317383
gen 79 5540 389.5254762172699 1431.5847519988874 216.10079628998656 953.5266240352009 1756.6433455986726 880.2631679317383
gen 80 5610 398.8396475315094 1346.2842179623992 128.976679629213 1144.3010023800734 1575.1162844892028 880.2631679317383
gen 81 5680 407.1382803916931 1409.12342795653 158.86747081487826 1236.85120010177 1785.8136197116646 880.2631679317383
gen 82 5750 417.19852685928345 1476.7957465508612 166.12815263636884 1140.6018781441212 1701.8202524625422 880.2631679317383
gen 83 5820 426.7036283016205 1369.6342078588607 161.88191542509668 1161.0150159886246 1748.377893486113 880.2631679317383
gen 84 5890 435.8590443134308 1374.372332514347 124.4767195117095 1109.3721865301036 1541.0588234960787 880.2631679317383
gen 85 5960 446.26271057128906 1351.2808241496407 147.6944294102205 1119.42154815366 1683.3819753199914 879.9242362170526
gen 86 6030 455.81215929985046 1460.5971026299376 185.1864817614138 1256.8387433138248 1916.4944517531374 879.9242362170526
gen 87 6100 464.7691764831543 1383.2706018592883 168.83241095344238 1136.820727826872 1653.7266719441457 879.9242362170526
gen 88 6170 474.87644720077515 1405.8826413639947 149.3651801829887 1196.8267195195776 1668.4651094252808 879.9242362170526
gen 89 6240 481.9968988895416 1393.3720966362491 139.67374385968887 1107.342061815419 1620.2360015280346 879.5480297147246
gen 90 6310 492.79920196533203 1371.535429492906 128.36022507951716 1216.1039628670674 1706.267961460843 875.4364981402039
gen 91 6380 503.19472908973694 1389.7073815757617 171.4136530113157 1234.3541685111202 1678.2238894842553 875.4267215551968
gen 92 6450 512.4072277545929 1326.2281217820187 88.31383926083139 1194.3004445191134 1450.2283283983516 875.4267215551968
gen 93 6520 521.4352121353149 1407.5883580464251 129.3895255971679 1213.1248489455572 1599.6543494047924 875.4267215551968
gen 94 6590 530.8379726409912 1359.3733587435993 176.00858548386753 1037.296292695164 1583.1710966958885 875.4267215551968
gen 95 6660 540.3244349956512 1451.0183390528532 187.95479447937862 1199.4095863474804 1876.3460894473149 875.4267215551968
gen 96 6730 549.8953084945679 1393.8163697146722 170.03227957209953 1105.6928723068627 1701.3411274536097 875.4267215551968
gen 97 6800 558.6135742664337 1427.2028663365506 153.1771074936908 1151.4375913502902 1666.6391508894133 875.4267215551968
gen 98 6870 567.4841854572296 1441.7066899762062 181.52428806662124 1147.8828006521348 1839.7279625137087 875.4267215551968
gen 99 6940 576.866756439209 1311.8014767061582 165.4094126799311 1012.9268135667693 1626.4906986712951 875.4267215551968
[[16, 34, 13, 56, 26, 1, 23], [31, 8, 9, 55, 50, 23], [15, 6, 4, 48], [16, 34, 59, 31, 55, 52, 12, 10], [16, 34, 39, 36, 0, 17, 2, 24, 8, 9, 55, 50, 52, 18, 10], [44, 58, 21, 35, 12, 18, 10], [16, 41, 43, 11, 48], [57, 28, 18, 10], [16, 34, 7, 20, 47, 4, 22], [34, 39, 29, 3, 22], [16, 34, 33, 46, 47, 11, 25, 48], [27, 19, 1, 22], [42, 57, 40, 3, 25, 48], [39, 36, 0, 17, 2, 24, 26, 53, 25, 48], [32, 43, 5, 48], [59, 24, 8, 9, 21, 38, 10], [37, 49, 40, 3, 53, 48], [16, 34, 39, 36, 0, 17, 2, 8, 9, 30, 18, 10], [45, 51, 54, 23], [14, 9, 21, 35, 12, 48]]
min  875.4267215551968
gaMin [16, 34, 13, 56, 26, 1, 23, -1, -1, -1, -1, -1, -1, -1, -1, -1, -1, -1, -1, -1, -1, -1, -1, -1, -1, -1, -1, -1, -1, -1, -1, -1, -1, -1, -1, -1, -1, -1, -1, -1, -1, -1, -1, -1, -1, -1, -1, -1, -1, -1, -1, -1, -1, -1, -1, -1, -1, -1, -1, -1, 31, 8, 9, 55, 50, 23, -1, -1, -1, -1, -1, -1, -1, -1, -1, -1, -1, -1, -1, -1, -1, -1, -1, -1, -1, -1, -1, -1, -1, -1, -1, -1, -1, -1, -1, -1, -1, -1, -1, -1, -1, -1, -1, -1, -1, -1, -1, -1, -1, -1, -1, -1, -1, -1, -1, -1, -1, -1, -1, -1, 15, 6, 4, 48, -1, -1, -1, -1, -1, -1, -1, -1, -1, -1, -1, -1, -1, -1, -1, -1, -1, -1, -1, -1, -1, -1, -1, -1, -1, -1, -1, -1, -1, -1, -1, -1, -1, -1, -1, -1, -1, -1, -1, -1, -1, -1, -1, -1, -1, -1, -1, -1, -1, -1, -1, -1, -1, -1, -1, -1, 16, 34, 59, 31, 55, 52, 12, 10, -1, -1, -1, -1, -1, -1, -1, -1, -1, -1, -1, -1, -1, -1, -1, -1, -1, -1, -1, -1, -1, -1, -1, -1, -1, -1, -1, -1, -1, -1, -1, -1, -1, -1, -1, -1, -1, -1, -1, -1, -1, -1, -1, -1, -1, -1, -1, -1, -1, -1, -1, -1, 16, 34, 39, 36, 0, 17, 2, 24, 8, 9, 55, 50, 52, 18, 10, -1, -1, -1, -1, -1, -1, -1, -1, -1, -1, -1, -1, -1, -1, -1, -1, -1, -1, -1, -1, -1, -1, -1, -1, -1, -1, -1, -1, -1, -1, -1, -1, -1, -1, -1, -1, -1, -1, -1, -1, -1, -1, -1, -1, -1, 44, 58, 21, 35, 12, 18, 10, -1, -1, -1, -1, -1, -1, -1, -1, -1, -1, -1, -1, -1, -1, -1, -1, -1, -1, -1, -1, -1, -1, -1, -1, -1, -1, -1, -1, -1, -1, -1, -1, -1, -1, -1, -1, -1, -1, -1, -1, -1, -1, -1, -1, -1, -1, -1, -1, -1, -1, -1, -1, -1, 16, 41, 43, 11, 48, -1, -1, -1, -1, -1, -1, -1, -1, -1, -1, -1, -1, -1, -1, -1, -1, -1, -1, -1, -1, -1, -1, -1, -1, -1, -1, -1, -1, -1, -1, -1, -1, -1, -1, -1, -1, -1, -1, -1, -1, -1, -1, -1, -1, -1, -1, -1, -1, -1, -1, -1, -1, -1, -1, -1, 57, 28, 18, 10, -1, -1, -1, -1, -1, -1, -1, -1, -1, -1, -1, -1, -1, -1, -1, -1, -1, -1, -1, -1, -1, -1, -1, -1, -1, -1, -1, -1, -1, -1, -1, -1, -1, -1, -1, -1, -1, -1, -1, -1, -1, -1, -1, -1, -1, -1, -1, -1, -1, -1, -1, -1, -1, -1, -1, -1, 16, 34, 7, 20, 47, 4, 22, -1, -1, -1, -1, -1, -1, -1, -1, -1, -1, -1, -1, -1, -1, -1, -1, -1, -1, -1, -1, -1, -1, -1, -1, -1, -1, -1, -1, -1, -1, -1, -1, -1, -1, -1, -1, -1, -1, -1, -1, -1, -1, -1, -1, -1, -1, -1, -1, -1, -1, -1, -1, -1, 34, 39, 29, 3, 22, -1, -1, -1, -1, -1, -1, -1, -1, -1, -1, -1, -1, -1, -1, -1, -1, -1, -1, -1, -1, -1, -1, -1, -1, -1, -1, -1, -1, -1, -1, -1, -1, -1, -1, -1, -1, -1, -1, -1, -1, -1, -1, -1, -1, -1, -1, -1, -1, -1, -1, -1, -1, -1, -1, -1, 16, 34, 33, 46, 47, 11, 25, 48, -1, -1, -1, -1, -1, -1, -1, -1, -1, -1, -1, -1, -1, -1, -1, -1, -1, -1, -1, -1, -1, -1, -1, -1, -1, -1, -1, -1, -1, -1, -1, -1, -1, -1, -1, -1, -1, -1, -1, -1, -1, -1, -1, -1, -1, -1, -1, -1, -1, -1, -1, -1, 27, 19, 1, 22, -1, -1, -1, -1, -1, -1, -1, -1, -1, -1, -1, -1, -1, -1, -1, -1, -1, -1, -1, -1, -1, -1, -1, -1, -1, -1, -1, -1, -1, -1, -1, -1, -1, -1, -1, -1, -1, -1, -1, -1, -1, -1, -1, -1, -1, -1, -1, -1, -1, -1, -1, -1, -1, -1, -1, -1, 42, 57, 40, 3, 25, 48, -1, -1, -1, -1, -1, -1, -1, -1, -1, -1, -1, -1, -1, -1, -1, -1, -1, -1, -1, -1, -1, -1, -1, -1, -1, -1, -1, -1, -1, -1, -1, -1, -1, -1, -1, -1, -1, -1, -1, -1, -1, -1, -1, -1, -1, -1, -1, -1, -1, -1, -1, -1, -1, -1, 39, 36, 0, 17, 2, 24, 26, 53, 25, 48, -1, -1, -1, -1, -1, -1, -1, -1, -1, -1, -1, -1, -1, -1, -1, -1, -1, -1, -1, -1, -1, -1, -1, -1, -1, -1, -1, -1, -1, -1, -1, -1, -1, -1, -1, -1, -1, -1, -1, -1, -1, -1, -1, -1, -1, -1, -1, -1, -1, -1, 32, 43, 5, 48, -1, -1, -1, -1, -1, -1, -1, -1, -1, -1, -1, -1, -1, -1, -1, -1, -1, -1, -1, -1, -1, -1, -1, -1, -1, -1, -1, -1, -1, -1, -1, -1, -1, -1, -1, -1, -1, -1, -1, -1, -1, -1, -1, -1, -1, -1, -1, -1, -1, -1, -1, -1, -1, -1, -1, -1, 59, 24, 8, 9, 21, 38, 10, -1, -1, -1, -1, -1, -1, -1, -1, -1, -1, -1, -1, -1, -1, -1, -1, -1, -1, -1, -1, -1, -1, -1, -1, -1, -1, -1, -1, -1, -1, -1, -1, -1, -1, -1, -1, -1, -1, -1, -1, -1, -1, -1, -1, -1, -1, -1, -1, -1, -1, -1, -1, -1, 37, 49, 40, 3, 53, 48, -1, -1, -1, -1, -1, -1, -1, -1, -1, -1, -1, -1, -1, -1, -1, -1, -1, -1, -1, -1, -1, -1, -1, -1, -1, -1, -1, -1, -1, -1, -1, -1, -1, -1, -1, -1, -1, -1, -1, -1, -1, -1, -1, -1, -1, -1, -1, -1, -1, -1, -1, -1, -1, -1, 16, 34, 39, 36, 0, 17, 2, 8, 9, 30, 18, 10, -1, -1, -1, -1, -1, -1, -1, -1, -1, -1, -1, -1, -1, -1, -1, -1, -1, -1, -1, -1, -1, -1, -1, -1, -1, -1, -1, -1, -1, -1, -1, -1, -1, -1, -1, -1, -1, -1, -1, -1, -1, -1, -1, -1, -1, -1, -1, -1, 45, 51, 54, 23, -1, -1, -1, -1, -1, -1, -1, -1, -1, -1, -1, -1, -1, -1, -1, -1, -1, -1, -1, -1, -1, -1, -1, -1, -1, -1, -1, -1, -1, -1, -1, -1, -1, -1, -1, -1, -1, -1, -1, -1, -1, -1, -1, -1, -1, -1, -1, -1, -1, -1, -1, -1, -1, -1, -1, -1, 14, 9, 21, 35, 12, 48, -1, -1, -1, -1, -1, -1, -1, -1, -1, -1, -1, -1, -1, -1, -1, -1, -1, -1, -1, -1, -1, -1, -1, -1, -1, -1, -1, -1, -1, -1, -1, -1, -1, -1, -1, -1, -1, -1, -1, -1, -1, -1, -1, -1, -1, -1, -1, -1, -1, -1, -1, -1, -1, -1]
runTime 580.2988405227661
