gen 0 10 2.1031272411346436 1631.1756733788768 113.83881845616465 1362.7312765470067 1754.7961185859026 1362.7312765470067
gen 1 80 6.116453647613525 1761.7404628863728 187.1124944005574 1504.5723753929067 2114.3562248645053 1264.8810271032623
gen 2 150 9.713318347930908 1589.458381745842 192.81468037932729 1203.9969013762443 1924.797635019606 1197.0852624746892
gen 3 220 13.335918664932251 1566.5412865294147 117.73227184334691 1327.1752653001615 1803.5212159626794 1164.0566250837958
gen 4 290 16.728165864944458 1571.788061394525 112.91510508466126 1443.3903431377353 1795.121260616918 1096.465500581683
gen 5 360 19.93911337852478 1450.3234845920354 174.73013344630505 1203.6939814476034 1745.6174057041337 1038.880474850163
gen 6 430 23.12300205230713 1522.5944545540074 99.49777754984349 1338.7966107270208 1652.8526759795614 1014.5568615478304
gen 7 500 26.39370894432068 1505.179619408517 108.19688533678116 1369.7321603970145 1758.823288631187 1000.2488030157072
gen 8 570 29.397737979888916 1453.6417082466282 84.24648537072062 1316.054248981557 1568.343269055702 997.0031935811478
gen 9 640 32.402440786361694 1410.0476814947576 99.2561383776166 1219.2059946816569 1535.018328225998 991.947333976193
gen 10 710 35.64068675041199 1388.5066535429396 131.8644909121824 1121.0731243087905 1552.0038557239259 986.2480007986048
gen 11 780 39.266714334487915 1499.9852930247512 205.93345377350707 1260.5250743320921 1922.1029939975292 983.4685344343659
gen 12 850 42.80336284637451 1492.7540653916535 125.57116884220648 1320.4585329204965 1689.3298695918602 976.4487111390329
gen 13 920 46.21775698661804 1533.513855636876 140.93499802193503 1375.1663624584967 1815.9295444885859 967.5609991699158
gen 14 990 49.631109952926636 1496.6586305355681 138.60664304076784 1196.1245214176265 1686.6327526676912 962.3792333363124
gen 15 1060 53.33336615562439 1489.6798898061152 99.38317587160411 1325.1847839662191 1634.8680482697146 960.4383297271777
gen 16 1130 56.518959283828735 1436.08058969031 138.67060094354014 1083.6485888703191 1596.3025973151846 959.3450846725823
gen 17 1200 59.77693319320679 1454.188624615012 112.39992177837698 1288.6526516642662 1711.718014891324 959.3450846725823
gen 18 1270 63.093833923339844 1492.2828466398828 156.1548712707487 1164.7304364979382 1696.0872330590942 956.6004663371955
gen 19 1340 66.17068028450012 1445.3064588879133 170.33060219436234 1185.986909557181 1682.7513310560123 953.9588561471219
gen 20 1410 69.09963941574097 1353.85934968667 83.21852717899907 1222.9814776146275 1458.1901341480525 948.5779341238526
gen 21 1480 72.27857875823975 1440.884648110718 156.78157336369662 1209.4997166336673 1659.3016384062541 943.2853755675796
gen 22 1550 75.44598650932312 1471.7605859440969 137.28867279015154 1292.1256652946468 1774.977342796466 942.1558208859395
gen 23 1620 78.69595956802368 1372.7509778090575 168.43048591117727 1208.3567951496748 1800.6415747378303 938.5341957875706
gen 24 1690 82.25195980072021 1369.8762962066135 180.0156435820719 1087.522184463233 1752.1927310633087 936.5379286696171
gen 25 1760 85.81181406974792 1530.8922234900133 142.07771898220054 1205.2951228854693 1708.9622252382062 936.0215881650824
gen 26 1830 89.40968680381775 1398.8740259867468 152.70744623882587 1138.8468849858496 1656.372624283999 933.203600046243
gen 27 1900 92.56198573112488 1435.9336918041656 150.24467217478428 1229.0538314070684 1677.8157442646275 930.0590674397267
gen 28 1970 95.59472513198853 1409.4174706902127 195.05667757624894 1181.5687740187172 1751.6716780809797 927.5925171738234
gen 29 2040 98.54890847206116 1363.2024628937893 165.99298194746777 1204.8635767139249 1824.4044797838994 924.3719150579768
gen 30 2110 101.74788212776184 1524.8178938712372 163.21351723287836 1244.7759199770526 1835.1790899704492 918.6299025264447
gen 31 2180 104.70786833763123 1362.5311559391273 127.25902775056166 1120.8160442614476 1575.5500304169357 915.9345308226226
gen 32 2250 107.94664025306702 1447.1832448395548 204.94458228624254 1114.1848536101002 1762.0346117701517 910.7514412292395
gen 33 2320 111.33660674095154 1444.379583726724 155.68959052603563 1287.9805829197287 1867.4549742673225 906.1472474756113
gen 34 2390 114.28153204917908 1367.8966226157966 162.53934196052313 1119.2751180894447 1634.2257021472174 905.960383545138
gen 35 2460 117.16976809501648 1351.1684178990988 125.44592827029481 1187.85701189434 1606.018323244419 897.7926970820497
gen 36 2530 119.97281122207642 1373.486479189922 172.89605554446211 1133.3297034208776 1738.5384578543888 893.5383288433212
gen 37 2600 122.668212890625 1342.9638446492174 140.64686543657433 1187.1577579997427 1665.204539457798 887.5507254883142
gen 38 2670 125.39911842346191 1296.8884856131356 110.96005125393951 1109.7153543737766 1441.4999701660054 883.8055212490759
gen 39 2740 128.31577014923096 1417.2498855905403 169.1834128535338 1105.1421759080963 1783.4109642699666 883.8055212490759
gen 40 2810 131.11099076271057 1381.8197723016053 157.89069888013094 1101.4795243006809 1716.0958327709293 882.4746151112568
gen 41 2880 133.9493703842163 1390.6489050220177 177.4418327671363 1115.3004364836913 1681.335317083985 878.4343565539593
gen 42 2950 136.7317078113556 1423.7343203091307 222.1159954535223 1149.8041862338778 1848.7325553668475 878.4343565539593
gen 43 3020 139.53571248054504 1447.3440092803608 147.3159445488251 1210.9508915207468 1705.4480944304676 876.2152394364809
gen 44 3090 142.2924473285675 1402.3164253690384 202.90540587521303 1159.1772977683606 1931.310590843214 876.0603426283989
gen 45 3160 145.07229852676392 1403.016565101931 159.2379419073274 1135.8863343170808 1642.5822819027078 876.0603426283989
gen 46 3230 147.69931507110596 1352.0116786412832 161.22868450533176 1108.3265116304285 1615.1146219425914 876.0603426283989
gen 47 3300 150.76178741455078 1507.8249612963932 232.9193735655463 1196.9408054654668 2025.1446213442978 876.0603426283989
gen 48 3370 153.60270071029663 1405.0261095826793 165.40009036949934 1127.9645165211448 1717.5184895507487 876.0603426283989
gen 49 3440 156.53107953071594 1431.9527324125943 98.87873725757007 1309.5745538858457 1637.2371043044293 876.0603426283989
gen 50 3510 159.08913779258728 1314.632750099633 229.39545314791408 1029.4067858830574 1808.6873923896806 876.0388306883915
gen 51 3580 161.68226552009583 1333.0628494899652 93.19868085741876 1220.409794719795 1484.2530065887088 876.0388306883915
gen 52 3650 164.43328714370728 1423.8819261260119 79.5803206418696 1307.7071592108052 1579.4633705545757 876.0388306883915
gen 53 3720 167.3353865146637 1451.962802883739 159.06271027601264 1223.8207381563361 1724.8224388322446 876.0388306883915
gen 54 3790 170.05628061294556 1354.3804103268371 195.97452631788232 1087.8822886526564 1694.316837802059 876.0388306883915
gen 55 3860 172.8433735370636 1377.0566078850902 197.69006972471308 969.3479913467535 1557.3736712437062 876.0388306883915
gen 56 3930 175.6230800151825 1352.2950830829973 155.85310021874488 1067.0284755911978 1687.5082410465222 876.0388306883915
gen 57 4000 178.58144307136536 1408.4316985824903 168.00618799968103 1216.939396798603 1694.2648488834582 876.0388306883915
gen 58 4070 181.44546031951904 1400.375756851207 176.67385339791502 1089.1823227351283 1678.9141496562922 876.0388306883915
gen 59 4140 184.18427395820618 1356.2641510547987 163.22808943759088 1097.0226896820675 1646.1644127150519 876.0388306883915
gen 60 4210 187.6045207977295 1483.3667768294154 173.3556008359505 1281.4311745013729 1827.4370717523477 876.0388306883915
gen 61 4280 192.25952577590942 1332.215576038467 153.77973132348114 1172.4415783193135 1670.9345197819284 875.6722463122343
gen 62 4350 200.0000820159912 1324.7536677777828 140.23701292404155 1005.3273786516593 1464.6178493099346 872.3574455675129
gen 63 4420 209.28014278411865 1418.1229033692312 132.59727006913656 1140.7676854128358 1645.9654081119047 871.1764465628496
gen 64 4490 217.82262325286865 1355.3760210412618 129.45720916138563 1230.0628894331317 1680.8903366882696 870.4800099061551
gen 65 4560 227.69718074798584 1323.385762255396 126.9507453984859 1113.4868770105031 1549.4339495500485 870.4800099061551
gen 66 4630 234.11182618141174 1373.0923203523537 188.96273155698563 1085.3595723872374 1737.8364125049584 868.716297417383
gen 67 4700 242.34947633743286 1294.2512102615185 132.976891695001 1079.6887975210975 1472.9860852715362 868.716297417383
gen 68 4770 250.31711554527283 1301.81436616367 88.3971192245605 1142.7323320720623 1464.4247840565959 867.4094147176845
gen 69 4840 258.6933126449585 1341.857204303159 166.7776016758121 1114.071563834114 1623.135658626045 857.5990690620324
gen 70 4910 268.63363242149353 1346.0523561585346 185.05012999222703 1057.5753361407083 1646.5798526487185 855.7019471356579
gen 71 4980 274.87039589881897 1399.0765969134973 172.85613638630122 1139.4140063259365 1703.9027971165062 855.3523815147616
gen 72 5050 282.5112409591675 1327.6499230924521 161.12940400992397 962.0418505487834 1525.4533389243743 854.2287334643718
gen 73 5120 290.0530939102173 1254.8782402685215 180.4112450820201 943.3378080293935 1624.7908136561616 852.5404916564582
gen 74 5190 297.4786024093628 1404.7685988844005 256.38029858015994 1100.9562471203344 1815.3444896153774 852.5404916564582
gen 75 5260 306.80312490463257 1291.767044068789 178.58224239955442 1085.2063363723605 1664.5781197179606 849.5184994491102
gen 76 5330 314.66250824928284 1308.2994962807957 149.8856969133308 1015.019021497962 1547.3383134801568 847.8363479770966
gen 77 5400 323.40990018844604 1321.176691880147 137.99286731214372 1063.9198321183792 1516.4897842769565 846.256450120305
gen 78 5470 330.59834337234497 1281.6793303302716 184.3658522562762 1010.9813412678724 1597.0972965200478 846.256450120305
gen 79 5540 339.03238821029663 1246.7816369155964 224.16975795479905 999.189884260758 1767.1164312617595 845.2046022649
gen 80 5610 347.47300577163696 1356.0062197472039 249.5304418524192 1065.309316719674 1779.5010228057563 845.2046022649
gen 81 5680 355.5730381011963 1314.6864347802705 185.32657524337765 1075.1650430184022 1652.2196703987202 845.2046022649
gen 82 5750 363.267507314682 1325.1658554856483 217.93025415832074 884.2737200434717 1660.3295315532625 845.2046022649
gen 83 5820 370.78488302230835 1301.8537588547852 197.53810307071248 957.4316408736125 1541.9513181685445 845.2046022649
gen 84 5890 378.7052688598633 1296.6588145582123 166.9684109626063 1091.7493618712663 1646.8528583635098 845.2046022649
gen 85 5960 386.05367398262024 1284.415813611677 157.12323884976644 1047.2280115599176 1484.2400634733438 845.2046022649
gen 86 6030 394.5319867134094 1259.597567894792 202.53330262963954 983.6369381301932 1750.1801513372145 845.2046022649
gen 87 6100 402.3837716579437 1252.8284192688411 166.2253665505951 917.1594277276856 1541.6208057507085 843.736455843767
gen 88 6170 409.50384640693665 1296.4907740413207 212.80127387392093 1010.0081654775814 1791.3115078453116 843.736455843767
gen 89 6240 419.03472089767456 1286.950192241809 186.8459141169254 976.2439281777849 1537.302319794713 843.736455843767
gen 90 6310 426.61014580726624 1349.0245279216158 175.40621218014712 1034.693622767131 1588.408995506133 843.736455843767
gen 91 6380 434.56855368614197 1290.1024457761184 173.15439074406785 1014.9305670880002 1602.141924446292 842.5214145890519
gen 92 6450 442.90157890319824 1377.1232058732603 203.48627354362003 1086.8369828725545 1663.8109892570708 842.5214145890519
gen 93 6520 451.64138531684875 1285.7604100983065 230.58687092182572 851.5993579855228 1654.005128490244 842.4112365431482
gen 94 6590 459.2691650390625 1250.9105192150182 222.5704835316738 984.74917441508 1614.4532402583213 842.4112365431482
gen 95 6660 469.19355630874634 1312.811814349481 183.72937072055447 1109.3654539580705 1736.1223160559146 842.4112365431482
gen 96 6730 477.4985520839691 1312.0202615759395 162.92932711949095 1079.2131071529466 1567.1700148205946 842.4112365431482
gen 97 6800 485.4309277534485 1269.2105416276572 182.86714911621598 946.0450636211857 1653.1230601340342 842.4112365431482
gen 98 6870 493.6943008899689 1329.5047686956366 206.5326225964238 1069.6499377816497 1818.4131157810953 842.4112365431482
gen 99 6940 501.5350091457367 1317.6275373382498 242.58408922615013 1031.0396192377466 1837.4241444817376 842.4112365431482
[[16, 34, 39, 36, 43, 51, 49, 18], [15, 47, 20, 32, 18], [9, 2, 17, 20, 38, 10, 18], [54, 59, 37, 38, 18], [16, 34, 35, 54, 52, 55, 8, 5, 25], [45, 21, 50, 52, 30, 58, 32, 18], [23, 42, 37, 49, 25], [23, 3, 40, 27, 18], [41, 53, 29, 10, 18], [16, 21, 44, 33, 49, 18], [19, 57, 6, 37, 10, 18], [24, 31, 17, 13, 56, 26], [28, 3, 40, 27, 7], [22, 46, 11, 33, 10, 18], [36, 50, 55, 11, 33, 1, 7], [19, 48, 20, 1, 7], [16, 9, 14, 13, 56, 26], [16, 39, 36, 0, 59, 38, 18], [39, 31, 4, 25], [34, 39, 36, 24, 2, 8, 12]]
min  842.4112365431482
gaMin [16, 34, 39, 36, 43, 51, 49, 18, -1, -1, -1, -1, -1, -1, -1, -1, -1, -1, -1, -1, -1, -1, -1, -1, -1, -1, -1, -1, -1, -1, -1, -1, -1, -1, -1, -1, -1, -1, -1, -1, -1, -1, -1, -1, -1, -1, -1, -1, -1, -1, -1, -1, -1, -1, -1, -1, -1, -1, -1, -1, 15, 47, 20, 32, 18, -1, -1, -1, -1, -1, -1, -1, -1, -1, -1, -1, -1, -1, -1, -1, -1, -1, -1, -1, -1, -1, -1, -1, -1, -1, -1, -1, -1, -1, -1, -1, -1, -1, -1, -1, -1, -1, -1, -1, -1, -1, -1, -1, -1, -1, -1, -1, -1, -1, -1, -1, -1, -1, -1, -1, 9, 2, 17, 20, 38, 10, 18, -1, -1, -1, -1, -1, -1, -1, -1, -1, -1, -1, -1, -1, -1, -1, -1, -1, -1, -1, -1, -1, -1, -1, -1, -1, -1, -1, -1, -1, -1, -1, -1, -1, -1, -1, -1, -1, -1, -1, -1, -1, -1, -1, -1, -1, -1, -1, -1, -1, -1, -1, -1, -1, 54, 59, 37, 38, 18, -1, -1, -1, -1, -1, -1, -1, -1, -1, -1, -1, -1, -1, -1, -1, -1, -1, -1, -1, -1, -1, -1, -1, -1, -1, -1, -1, -1, -1, -1, -1, -1, -1, -1, -1, -1, -1, -1, -1, -1, -1, -1, -1, -1, -1, -1, -1, -1, -1, -1, -1, -1, -1, -1, -1, 16, 34, 35, 54, 52, 55, 8, 5, 25, -1, -1, -1, -1, -1, -1, -1, -1, -1, -1, -1, -1, -1, -1, -1, -1, -1, -1, -1, -1, -1, -1, -1, -1, -1, -1, -1, -1, -1, -1, -1, -1, -1, -1, -1, -1, -1, -1, -1, -1, -1, -1, -1, -1, -1, -1, -1, -1, -1, -1, -1, 45, 21, 50, 52, 30, 58, 32, 18, -1, -1, -1, -1, -1, -1, -1, -1, -1, -1, -1, -1, -1, -1, -1, -1, -1, -1, -1, -1, -1, -1, -1, -1, -1, -1, -1, -1, -1, -1, -1, -1, -1, -1, -1, -1, -1, -1, -1, -1, -1, -1, -1, -1, -1, -1, -1, -1, -1, -1, -1, -1, 23, 42, 37, 49, 25, -1, -1, -1, -1, -1, -1, -1, -1, -1, -1, -1, -1, -1, -1, -1, -1, -1, -1, -1, -1, -1, -1, -1, -1, -1, -1, -1, -1, -1, -1, -1, -1, -1, -1, -1, -1, -1, -1, -1, -1, -1, -1, -1, -1, -1, -1, -1, -1, -1, -1, -1, -1, -1, -1, -1, 23, 3, 40, 27, 18, -1, -1, -1, -1, -1, -1, -1, -1, -1, -1, -1, -1, -1, -1, -1, -1, -1, -1, -1, -1, -1, -1, -1, -1, -1, -1, -1, -1, -1, -1, -1, -1, -1, -1, -1, -1, -1, -1, -1, -1, -1, -1, -1, -1, -1, -1, -1, -1, -1, -1, -1, -1, -1, -1, -1, 41, 53, 29, 10, 18, -1, -1, -1, -1, -1, -1, -1, -1, -1, -1, -1, -1, -1, -1, -1, -1, -1, -1, -1, -1, -1, -1, -1, -1, -1, -1, -1, -1, -1, -1, -1, -1, -1, -1, -1, -1, -1, -1, -1, -1, -1, -1, -1, -1, -1, -1, -1, -1, -1, -1, -1, -1, -1, -1, -1, 16, 21, 44, 33, 49, 18, -1, -1, -1, -1, -1, -1, -1, -1, -1, -1, -1, -1, -1, -1, -1, -1, -1, -1, -1, -1, -1, -1, -1, -1, -1, -1, -1, -1, -1, -1, -1, -1, -1, -1, -1, -1, -1, -1, -1, -1, -1, -1, -1, -1, -1, -1, -1, -1, -1, -1, -1, -1, -1, -1, 19, 57, 6, 37, 10, 18, -1, -1, -1, -1, -1, -1, -1, -1, -1, -1, -1, -1, -1, -1, -1, -1, -1, -1, -1, -1, -1, -1, -1, -1, -1, -1, -1, -1, -1, -1, -1, -1, -1, -1, -1, -1, -1, -1, -1, -1, -1, -1, -1, -1, -1, -1, -1, -1, -1, -1, -1, -1, -1, -1, 24, 31, 17, 13, 56, 26, -1, -1, -1, -1, -1, -1, -1, -1, -1, -1, -1, -1, -1, -1, -1, -1, -1, -1, -1, -1, -1, -1, -1, -1, -1, -1, -1, -1, -1, -1, -1, -1, -1, -1, -1, -1, -1, -1, -1, -1, -1, -1, -1, -1, -1, -1, -1, -1, -1, -1, -1, -1, -1, -1, 28, 3, 40, 27, 7, -1, -1, -1, -1, -1, -1, -1, -1, -1, -1, -1, -1, -1, -1, -1, -1, -1, -1, -1, -1, -1, -1, -1, -1, -1, -1, -1, -1, -1, -1, -1, -1, -1, -1, -1, -1, -1, -1, -1, -1, -1, -1, -1, -1, -1, -1, -1, -1, -1, -1, -1, -1, -1, -1, -1, 22, 46, 11, 33, 10, 18, -1, -1, -1, -1, -1, -1, -1, -1, -1, -1, -1, -1, -1, -1, -1, -1, -1, -1, -1, -1, -1, -1, -1, -1, -1, -1, -1, -1, -1, -1, -1, -1, -1, -1, -1, -1, -1, -1, -1, -1, -1, -1, -1, -1, -1, -1, -1, -1, -1, -1, -1, -1, -1, -1, 36, 50, 55, 11, 33, 1, 7, -1, -1, -1, -1, -1, -1, -1, -1, -1, -1, -1, -1, -1, -1, -1, -1, -1, -1, -1, -1, -1, -1, -1, -1, -1, -1, -1, -1, -1, -1, -1, -1, -1, -1, -1, -1, -1, -1, -1, -1, -1, -1, -1, -1, -1, -1, -1, -1, -1, -1, -1, -1, -1, 19, 48, 20, 1, 7, -1, -1, -1, -1, -1, -1, -1, -1, -1, -1, -1, -1, -1, -1, -1, -1, -1, -1, -1, -1, -1, -1, -1, -1, -1, -1, -1, -1, -1, -1, -1, -1, -1, -1, -1, -1, -1, -1, -1, -1, -1, -1, -1, -1, -1, -1, -1, -1, -1, -1, -1, -1, -1, -1, -1, 16, 9, 14, 13, 56, 26, -1, -1, -1, -1, -1, -1, -1, -1, -1, -1, -1, -1, -1, -1, -1, -1, -1, -1, -1, -1, -1, -1, -1, -1, -1, -1, -1, -1, -1, -1, -1, -1, -1, -1, -1, -1, -1, -1, -1, -1, -1, -1, -1, -1, -1, -1, -1, -1, -1, -1, -1, -1, -1, -1, 16, 39, 36, 0, 59, 38, 18, -1, -1, -1, -1, -1, -1, -1, -1, -1, -1, -1, -1, -1, -1, -1, -1, -1, -1, -1, -1, -1, -1, -1, -1, -1, -1, -1, -1, -1, -1, -1, -1, -1, -1, -1, -1, -1, -1, -1, -1, -1, -1, -1, -1, -1, -1, -1, -1, -1, -1, -1, -1, -1, 39, 31, 4, 25, -1, -1, -1, -1, -1, -1, -1, -1, -1, -1, -1, -1, -1, -1, -1, -1, -1, -1, -1, -1, -1, -1, -1, -1, -1, -1, -1, -1, -1, -1, -1, -1, -1, -1, -1, -1, -1, -1, -1, -1, -1, -1, -1, -1, -1, -1, -1, -1, -1, -1, -1, -1, -1, -1, -1, -1, 34, 39, 36, 24, 2, 8, 12, -1, -1, -1, -1, -1, -1, -1, -1, -1, -1, -1, -1, -1, -1, -1, -1, -1, -1, -1, -1, -1, -1, -1, -1, -1, -1, -1, -1, -1, -1, -1, -1, -1, -1, -1, -1, -1, -1, -1, -1, -1, -1, -1, -1, -1, -1, -1, -1, -1, -1, -1, -1, -1]
runTime 503.97314453125
