gen 0 10 0.483264684677124 353.93500630565677 34.93198781864744 307.48231667713856 410.34224718811 307.48231667713856
gen 1 30 1.4025588035583496 322.8215470150319 26.249846600515344 306.668378646168 376.08827441441974 303.4403979395357
gen 2 50 2.3348636627197266 317.31672749972716 25.454618283614003 303.83970020765406 391.21375089874516 302.37116771341937
gen 3 70 3.2913293838500977 316.0113021117928 27.36523481637615 304.4588457499828 398.0237253662048 301.9701762369636
gen 4 90 4.205924034118652 309.862240378176 7.645478329237644 305.64789776954547 332.67198953494653 294.0913130044713
gen 5 110 5.172631025314331 311.23604876185516 8.651251685930198 305.40941501046865 329.8738127613454 273.0952348657375
gen 6 130 6.2233264446258545 307.81636399591093 3.4465103529018073 304.2068604721637 317.09002725096065 271.3006993771493
gen 7 150 7.329623222351074 316.3893930687633 24.325094824408954 305.7950354658528 388.660611287619 270.000121937345
gen 8 170 8.371341228485107 312.30541150009765 10.960942189456562 305.3240162839737 335.31416787967737 269.1669378616463
gen 9 190 9.48587155342102 309.41822001461776 8.215791437011907 303.0427099253063 333.74184129229565 268.51783491361545
gen 10 210 10.523238182067871 332.2707970009511 49.53155782315532 304.7069747812121 475.00756731710277 267.77216583707656
gen 11 230 11.579185485839844 309.40011670019123 10.529105259887885 303.5204779178449 340.77189191028344 267.54534354173995
gen 12 250 12.608341693878174 322.96559358166087 28.383535546194356 302.40712043292854 385.8644900248523 267.41488015546474
gen 13 270 13.627052545547485 311.25033439812563 19.029552732673782 295.7713794142006 367.47262597865813 266.96170910044026
gen 14 290 14.712058067321777 329.10939211989376 32.68196375475581 303.0852554881567 389.664755286041 266.56637978588475
gen 15 310 15.769439697265625 335.45422198407834 52.2819083532722 274.8979681068265 455.43252875717 265.51683150988544
gen 16 330 16.836673498153687 315.28539070737696 17.48024521713731 302.8935923629218 357.4773676987344 265.2897292713768
gen 17 350 17.9593722820282 321.4685835594532 35.16352226840834 304.6955627089925 422.72536242582163 264.7924105308845
gen 18 370 19.01273536682129 312.42047411338183 18.84823204982647 301.5912070832998 368.736178985388 264.2192682199038
gen 19 390 20.06045174598694 332.02953277600125 36.61342375670047 303.3500123755759 414.60050475783714 263.86634407943444
gen 20 410 21.118915557861328 314.0048913865626 10.701678765940967 305.5510778608685 331.6859839870955 263.7036567627802
gen 21 430 22.15407109260559 331.9778573499422 49.39198373493383 284.59426853916875 426.76451474991404 263.4701837659403
gen 22 450 23.186081171035767 347.46943168836606 51.96170209298904 303.7626232935893 456.6299448711464 263.3998117126877
gen 23 470 24.230299949645996 322.4118321880193 24.392465200866546 292.9799827587809 364.59427539061056 262.4996332279134
gen 24 490 25.267990112304688 321.7092672988348 27.823017015233162 301.64394252507975 379.07321388304086 260.9891116164505
gen 25 510 26.344317197799683 336.1532449769852 37.200693953950896 299.55890780391223 408.44238869284965 260.07410481958044
gen 26 530 27.32988429069519 324.53157976648936 37.51019495526094 303.87771563625597 401.74770871501966 259.8408936825682
gen 27 550 28.342453718185425 324.601048076529 39.30237971539162 302.26978608560677 436.24848127828466 259.77571814059314
gen 28 570 29.30921220779419 334.05604488136476 30.390901188615793 299.20819590557045 372.69412219172966 259.71349213115116
gen 29 590 30.270873546600342 322.2406929353676 23.018059885761023 304.21425649755065 364.4892743805883 259.37114779761816
gen 30 610 31.22969627380371 337.35771801583934 30.86716170582758 305.74789978227227 393.4120732156947 259.3414142921424
gen 31 630 32.22059488296509 334.5343692224612 41.80182864564364 302.29246158476656 448.4399972472547 258.2999441662424
gen 32 650 33.154122829437256 345.1443553450324 47.18614188908425 301.4740754908924 434.13783157763424 257.43487592349476
gen 33 670 34.08222436904907 348.52709727310844 39.98454623561571 306.0062257184825 432.77309883178765 256.36181909662827
gen 34 690 34.87970685958862 348.81408419997734 35.9623556790884 287.06729465842085 414.0800568847295 256.3321028666508
gen 35 710 35.672096252441406 348.7582848496815 32.21701264040561 296.3335055053168 407.42737413898396 255.92786702416169
gen 36 730 36.53217625617981 328.2124364137804 22.749857253858774 302.75750689839657 365.6104764064246 255.92786702416169
gen 37 750 37.364710569381714 336.3222245456363 33.64140295117676 300.14345294249483 404.5678809501184 255.92786702416169
gen 38 770 38.20383310317993 352.8508418652774 45.223940644059326 303.88135665595075 458.42447043546434 255.7636717909424
gen 39 790 39.039862871170044 345.18986268928705 48.437600133877666 297.3814679878848 436.20697431082795 254.63349191902373
gen 40 810 39.8321213722229 370.0655737061494 67.35106194890679 302.0637667533559 482.8086873018846 254.1418509606508
gen 41 830 40.67756271362305 351.64715355656455 36.335382813721814 303.651169125388 416.03409446433835 254.1418509606508
gen 42 850 41.48171806335449 349.55790776357287 41.60419991951507 280.7495199153413 439.29124682567317 254.1418509606508
gen 43 870 42.31609344482422 372.9833692202122 64.22778400330047 303.6825662871149 489.4909984324227 253.96352807884264
gen 44 890 43.14905071258545 328.4548281173716 13.797719572774827 306.14821938942794 356.5704754309164 253.96352807884264
gen 45 910 43.9715793132782 359.68070368328245 40.75888334792256 317.01762053664174 460.77094381038944 253.96352807884264
gen 46 930 44.847633600234985 359.4532106474148 50.1474922872491 299.37191255368396 444.11577535529216 253.90989736987035
gen 47 950 45.687246799468994 330.93509238735135 28.490023832949262 300.71955999243625 384.5818337049078 253.90989736987035
gen 48 970 46.52051401138306 349.05841411811446 50.98111844156701 303.1097253238883 489.29078582065006 253.90989736987035
gen 49 990 47.32076168060303 352.29640153378864 34.77244478479242 303.8120585097099 399.7576972318873 253.32407981561124
gen 50 1010 48.173484802246094 341.2806253985141 41.27108503201704 305.0621809171964 444.0727888154971 253.14173920247555
gen 51 1030 49.15573763847351 355.1841047310273 38.37190881205116 305.58901135424446 428.13300815630083 253.14173920247555
gen 52 1050 50.137022972106934 369.5771778835131 51.557495388407936 303.0737081610985 444.7695453514303 253.14173920247555
gen 53 1070 51.08993577957153 348.5400473992548 30.033154937417265 309.03064417089007 403.6258074345723 253.14026559792276
gen 54 1090 52.05928349494934 345.72113807947443 49.65402040071918 290.5787317960838 442.5201147479257 252.9312994156056
gen 55 1110 53.02997946739197 360.7089614501652 44.820592201500034 302.56752995242044 438.18713474552504 252.9312994156056
gen 56 1130 53.99718356132507 345.4564868016224 46.67354290808676 274.0054880450085 440.4013735348826 252.9248095312976
gen 57 1150 54.92767548561096 343.7002680336252 54.228960737391674 288.8279106988761 446.3212124065271 252.86184538621637
gen 58 1170 55.85688233375549 342.8994730377822 36.18889884297364 295.031813719507 412.126621557985 252.11871521189892
gen 59 1190 56.77689838409424 369.12949575084974 48.75639098131223 304.16663425746145 465.1019571575949 247.02981965782172
gen 60 1210 57.71124887466431 369.02922376037156 42.815455006422404 328.71272942642963 447.62446980272915 245.28894697580364
gen 61 1230 58.63917350769043 330.891452773673 27.217025220189047 299.2860059054134 376.88940409270595 242.70161463989538
gen 62 1250 59.57498216629028 364.5253019990196 60.95701903775962 304.10444145270935 466.4882683739904 241.3007956694709
gen 63 1270 60.50696778297424 363.67153536550506 28.482452997187217 299.0697630622394 396.8454676009144 238.85325617825566
gen 64 1290 61.433568239212036 374.9733609161955 47.044300361196946 312.36991593948323 450.68979412041614 238.66731437487562
gen 65 1310 62.33321833610535 346.6957700163605 37.85716861861789 301.05147310625654 399.1191034131331 238.4745440346614
gen 66 1330 63.246938705444336 360.1872882911649 51.195863210462285 301.64092854749333 491.26678065059934 238.4745440346614
gen 67 1350 64.16681981086731 323.0544615233974 27.40674189921785 297.0493917063597 374.159171903835 238.4745440346614
gen 68 1370 65.05950927734375 378.65083345888183 59.27048853078172 295.85719031982046 445.922890856012 238.4745440346614
gen 69 1390 65.96827459335327 336.7127810485839 36.47128953568483 299.0993145987067 413.88379522985457 238.41695432383267
gen 70 1410 66.86586499214172 322.93443273357013 20.104481850319445 294.23432941866156 369.14481721275706 238.41695432383267
gen 71 1430 67.76979303359985 355.12117619195953 55.52114904651179 266.73772170580446 443.43443324045796 237.46447893040278
gen 72 1450 68.66104435920715 350.5657337480885 44.165030656067756 300.614845907905 449.79095892416666 237.46447893040278
gen 73 1470 69.43901562690735 373.1982785140518 54.49786645708479 303.3118724950958 458.0243410931542 237.40995451088634
gen 74 1490 70.25697803497314 357.3072463767302 47.87810833516621 307.60214294259134 445.4591814337307 237.40995451088634
gen 75 1510 71.03527283668518 379.75286735128213 49.540781318785896 306.5712198083793 449.73621655952087 237.40995451088634
gen 76 1530 71.79611420631409 364.43549714362985 55.15660616063792 297.04879625453555 447.49924727294274 237.40995451088634
gen 77 1550 72.53796720504761 361.27665928233915 47.08705884318153 292.75292569827786 451.0505948120732 237.40995451088634
gen 78 1570 73.72839403152466 366.50877758305853 53.81883516316749 293.1674458701403 464.84665411598473 235.89396052409586
gen 79 1590 74.52043437957764 392.66326754898597 52.36718195926381 307.0509419961502 465.68381453371035 235.7937996876768
gen 80 1610 75.28830671310425 375.7340861914768 63.93805009159591 284.3337546065438 472.8221899334917 235.7937996876768
gen 81 1630 76.04890823364258 359.525979650393 46.042213536765985 303.16260285919503 463.69787433896676 235.37036245846048
gen 82 1650 76.81051445007324 413.19690113071994 59.791243983893615 333.859225149189 545.058448015889 235.25003907851897
gen 83 1670 77.58540868759155 367.2750147182057 31.87052592132516 329.5929654308281 417.9669210187039 234.6585462042528
gen 84 1690 78.40494656562805 385.7686178449354 49.41304461689313 304.87399883515394 451.3156216347964 234.6585462042528
gen 85 1710 79.14531064033508 359.03051162535394 28.12345706081357 304.8003297428835 396.8031379439282 234.54877077370415
gen 86 1730 79.91096544265747 345.0756050178841 41.24783966692791 292.4930901045161 413.78173812530224 234.54877077370415
gen 87 1750 80.68099355697632 362.7290601683809 45.69422260226903 293.658368140374 462.8849873734513 234.54877077370415
gen 88 1770 81.4581470489502 370.15250742886275 48.70293116275539 302.1777208344847 467.92628436548125 234.54877077370415
gen 89 1790 82.19774270057678 369.20539118684445 35.67902543035442 314.13847724377644 436.6257554381529 234.49076608327593
gen 90 1810 83.08969974517822 360.88064422810413 50.10282309337144 283.27401111395545 449.69370411495794 234.49076608327593
gen 91 1830 83.9493772983551 374.923451005203 52.35313845478577 298.45824292717145 495.8902683200257 234.49076608327593
gen 92 1850 84.8323564529419 339.8359061607331 30.238193915582567 299.1076540949888 399.5145403801561 234.49076608327593
gen 93 1870 85.7254467010498 363.0058923668039 32.7366177806005 327.0534781262287 443.57585725702705 234.1861086461109
gen 94 1890 86.61740636825562 337.0487151873628 30.567168110318693 289.8723965216233 372.04954263621676 234.1861086461109
gen 95 1910 87.57581377029419 366.25785327934335 40.665483211002666 314.43810795256894 433.0602584140854 234.1518749642348
gen 96 1930 88.43824362754822 360.5922788772058 59.09532795949726 296.153285086727 463.98655543651716 234.1518749642348
gen 97 1950 89.3269727230072 370.9855254346647 52.6797962208371 292.92295893721746 444.5181663682015 234.1518749642348
gen 98 1970 90.23236846923828 370.4479349323456 45.64475981940058 300.3556484905304 448.5552892415303 233.9533898557446
gen 99 1990 91.17426681518555 362.15554328894336 53.47159961270318 296.30127609750684 448.1840056054902 233.29770139323955
gen 100 2010 92.04061198234558 353.4512964201221 43.71409922048939 294.82361076383705 435.86858552649016 233.1859967411719
gen 101 2030 92.96046662330627 336.3649735115651 40.55998340647561 298.76804655534744 429.9974984365834 232.67944660298602
gen 102 2050 93.85607051849365 394.3955629976159 56.64408108483096 317.79821634786407 490.97127474419443 232.67944660298602
gen 103 2070 94.74533820152283 360.3230839312133 42.90641705847013 305.00476388836563 431.0436231428613 232.67944660298602
gen 104 2090 95.67243075370789 377.0651770564922 44.86592993591988 324.3445696813548 486.56780357883656 232.67944660298602
gen 105 2110 96.58649206161499 368.05716750618024 45.96941861223705 293.6507631157665 438.4284214187558 232.67944660298602
gen 106 2130 97.52377724647522 382.2800133674355 48.62189691969923 296.4458476113059 455.22941489027306 232.67944660298602
gen 107 2150 98.41706275939941 357.61576982317183 41.22335912567212 299.70848316434393 460.56586018918136 232.67944660298602
gen 108 2170 99.31564235687256 372.4959758577132 35.99996210491376 314.4903763741675 423.7987961017546 232.67944660298602
gen 109 2190 100.21434569358826 395.33171645606774 54.93466792000864 326.3674472678699 455.5758638380837 232.67944660298602
gen 110 2210 101.10622787475586 377.36453236518855 34.40306416843092 313.90609396906257 419.12249231315536 232.67944660298602
gen 111 2230 102.00806641578674 369.73778929964436 51.87274789027857 310.57234393546213 485.4380949712377 232.67944660298602
gen 112 2250 102.91648125648499 359.6532725843489 46.82846683484954 294.13187567731705 453.69319511906895 232.67861979914346
gen 113 2270 103.83682250976562 361.45330395975014 41.891603309738215 299.89497786061264 442.00720894157934 232.67861979914346
gen 114 2290 104.72613072395325 393.55127519456477 38.21970407926239 314.8555126491224 453.46346756134045 232.67861979914346
gen 115 2310 105.64796495437622 380.4319253875982 47.44332971612822 305.5012645448546 457.25900959470454 232.67861979914346
gen 116 2330 106.52195239067078 354.47077928296096 36.6585242486141 295.05013484267886 423.4302427904514 232.67861979914346
gen 117 2350 107.42782592773438 349.69115451868265 30.412296704552787 305.9078012444044 387.11185550281124 232.67861979914346
gen 118 2370 108.32490253448486 374.8633601160992 43.526920325001704 316.3546336418683 461.93991543014215 232.67861979914346
gen 119 2390 109.20256519317627 353.7322069382557 56.61409536261797 290.95532054697395 473.5843180448605 232.67861979914346
gen 120 2410 110.03642773628235 371.3996220754101 37.798474661533355 295.74748106820056 436.1736448770384 232.67861979914346
gen 121 2430 110.77566242218018 362.61207668682204 44.669344769472886 310.65209487627124 448.09512655921253 232.67861979914346
gen 122 2450 111.53943300247192 367.2487102765117 53.92648069346055 303.69553652415027 462.2335581948088 232.67861979914346
gen 123 2470 112.34256792068481 383.3318717650025 48.719454643210696 306.30450461165134 472.5049824163156 232.67861979914346
gen 124 2490 113.10015726089478 343.32852150762983 30.362347410704203 304.73406988753254 389.84274020717646 232.67861979914346
gen 125 2510 113.87133741378784 397.023150272635 47.087556981043235 330.7639952352938 467.9798681548982 232.67861979914346
gen 126 2530 114.60985684394836 359.9593040770043 58.657684568968065 292.51746898034355 454.92683886101327 232.67861979914346
gen 127 2550 115.38609147071838 367.7691943908937 51.58690437140025 298.54800666071566 464.9952424113041 232.67861979914346
gen 128 2570 116.14956402778625 359.4168352546088 37.742609158881 301.68702775549133 408.79844060799155 232.67861979914346
gen 129 2590 116.89586853981018 363.6679479868284 46.60252583967009 302.3764510031596 427.42469681791476 232.67861979914346
gen 130 2610 117.65535092353821 385.2530440658025 51.093776270126234 301.3740225970474 455.6103652180102 232.67861979914346
gen 131 2630 118.44338798522949 392.2702505949411 56.248481966515286 305.9183992244353 483.2516553075823 232.67861979914346
gen 132 2650 119.20123052597046 380.1856163171875 51.56959732225707 292.36339667262524 443.44695585013295 232.67861979914346
gen 133 2670 119.9614405632019 374.1857400447913 45.44979432625498 314.7797729941586 440.02146441527435 232.65718057197006
gen 134 2690 120.76129984855652 356.6705746299582 47.46617607746456 293.1689668513985 460.36478066261446 232.65718057197006
gen 135 2710 121.52476620674133 383.33749617621163 57.718783729811825 298.0979318463268 451.8663640004949 232.65718057197006
gen 136 2730 122.28377509117126 365.8091417415007 46.78601232604244 304.5132574642179 440.06946197037183 232.65718057197006
gen 137 2750 123.0573673248291 366.03180009725986 50.02700182580446 302.75193834449806 451.1475295204713 232.65718057197006
gen 138 2770 123.85135841369629 377.56670373381496 49.70226360057555 296.5551623452289 445.7329616181901 232.65718057197006
gen 139 2790 124.80909299850464 371.5507086451214 54.62881306681238 293.0671447194735 433.53283116164937 232.6487948810853
gen 140 2810 125.72282075881958 384.9350011605146 48.077360280175334 292.7972999187468 452.6185294088113 232.6487948810853
gen 141 2830 126.6423180103302 386.93905096483206 46.54998866675472 311.47767723986476 452.82795714273925 232.6487948810853
gen 142 2850 127.50546908378601 374.6438985253113 64.51614721767673 303.19603104901233 487.62161324484083 232.6487948810853
gen 143 2870 128.3774929046631 371.90664061554094 63.06091646470353 293.0721257181047 468.73302273982944 232.6487948810853
gen 144 2890 129.27565145492554 369.84844972345496 51.63849243985262 302.93267655549124 438.3021074572939 232.6487948810853
gen 145 2910 130.1602931022644 358.2327413289077 47.43866364593179 295.85421466591913 448.98767234706617 232.6487948810853
gen 146 2930 131.03959155082703 383.90336784474823 48.111700837033524 314.32427930003183 453.49674011628167 232.6487948810853
gen 147 2950 131.94146418571472 362.7540536566938 46.23673677887569 304.38873405953666 439.1254098881715 232.6487948810853
gen 148 2970 132.8095726966858 363.94052047198267 53.4443895813627 280.714412649918 436.16640705266184 232.6487948810853
gen 149 2990 133.69880509376526 363.65868487847996 42.66841431422526 297.9861325805185 433.08505309579283 232.6487948810853
gen 150 3010 134.58811044692993 398.3139515341268 41.19363326550011 336.90891739726015 453.727869563944 232.6487948810853
gen 151 3030 135.45105957984924 360.8604717804231 24.15912822959088 317.875909813129 397.34343196927693 232.6487948810853
gen 152 3050 136.3387942314148 350.30303135003476 53.51737620829728 279.4017006199731 456.816460657905 232.6487948810853
gen 153 3070 137.21846437454224 363.9690990741304 56.393282204473806 293.2246708315128 463.84507138452415 232.6487948810853
gen 154 3090 138.10593223571777 366.6283230600717 47.91003674275684 297.71058424850446 439.2914749152709 232.6487948810853
gen 155 3110 138.97459650039673 380.20621828295606 37.784424673856215 292.71486134946264 429.0383996500137 232.6487948810853
gen 156 3130 139.8264820575714 371.52619376528776 41.66148455669691 293.73887656290566 444.9169669638571 232.6487948810853
gen 157 3150 140.69948863983154 368.0527099001106 46.27269423439293 291.6712685622873 436.455108367215 232.6487948810853
gen 158 3170 141.59253573417664 404.2288696638362 44.932455093803355 316.99791443186336 451.1965372502843 232.6487948810853
gen 159 3190 142.3531892299652 351.17921613794533 37.08743653845697 303.7703361900559 431.73645703720763 232.6487948810853
gen 160 3210 143.1149821281433 379.6940709025047 55.76571717311892 303.55845025937964 487.416527232848 232.6487948810853
gen 161 3230 143.90351510047913 373.8099303654816 61.111163151256996 299.2878581694976 508.07642235186427 232.6487948810853
gen 162 3250 144.6403169631958 369.0816979485031 66.3850480036397 296.69765291789685 506.3067351575574 232.6487948810853
gen 163 3270 145.38589453697205 355.3076138030193 55.11673702709312 298.05292207367455 449.2466284965591 232.6487948810853
gen 164 3290 146.1675980091095 374.24478951403773 59.79850882667995 300.72487196148046 496.2084753094868 232.6025905655955
gen 165 3310 146.9237072467804 371.97687793258996 60.307461709688596 296.91538121176336 484.10459849553627 232.6025905655955
gen 166 3330 147.69565415382385 384.6462898683262 51.4354568448835 306.076182458702 454.5482877832853 232.6025905655955
gen 167 3350 148.45780849456787 349.8380291790913 54.49406004961562 293.24358484885283 437.87539175987587 232.6025905655955
gen 168 3370 149.20032596588135 375.94333439940004 38.94080616903404 315.84813907682525 439.6937167635015 232.6025905655955
gen 169 3390 149.97132849693298 385.81009469887033 58.61651375253198 313.7503114409359 471.18687363397567 232.6025905655955
gen 170 3410 150.7520546913147 348.2981982319601 35.9845488494255 305.1407635864674 419.73080220894724 232.6025905655955
gen 171 3430 151.50826597213745 360.1578296382441 52.35060666350971 305.89213092080195 457.8742564609092 232.57942972576302
gen 172 3450 152.28476905822754 353.1783841922063 51.93895013871097 304.0292159757892 460.59747658585604 232.57942972576302
gen 173 3470 153.03874707221985 374.47346629381036 35.0201003518893 296.5096574581991 424.1763425031769 232.57942972576302
gen 174 3490 153.8084580898285 380.63905650462425 50.40336002188238 302.742924991182 437.3864954698514 232.57942972576302
gen 175 3510 154.60017609596252 382.3412066008865 39.340019625264475 323.0595716008338 467.5358130265817 232.57942972576302
gen 176 3530 155.39354419708252 369.8908485591718 55.96533987492434 292.70383179775155 462.621818339452 232.57942972576302
gen 177 3550 156.25405883789062 386.5188103752449 47.9112283139708 323.2022549418266 447.9435312218776 232.57942972576302
gen 178 3570 157.12228727340698 367.2280963925388 33.614387130638384 311.1043052008917 414.54790458994984 232.57942972576302
gen 179 3590 157.9798502922058 379.80965093990136 43.50809840338659 302.62465212812407 451.64411218370094 232.57942972576302
gen 180 3610 158.88100218772888 360.2831410615231 51.87716008867021 305.484624083404 479.7095160033198 232.57942972576302
gen 181 3630 159.75775909423828 373.15474775862583 56.55830874834383 305.72825714314007 503.6315263371539 232.57942972576302
gen 182 3650 160.63354682922363 364.45224794870967 41.59180005704304 293.9330838123367 449.1287597405843 232.57942972576302
gen 183 3670 161.5181758403778 360.35390007722117 55.19213396017216 293.32478383347734 478.35831313775645 232.57942972576302
gen 184 3690 162.40128540992737 371.0719056620708 49.82197608006499 290.81281921506513 445.6492197858637 232.57942972576302
gen 185 3710 163.27815914154053 383.6115939523118 45.702345700252906 295.2570202537533 462.0943424099384 232.57942972576302
gen 186 3730 164.1470115184784 383.4054709792289 54.59063268559592 304.1229781818789 476.31985981188814 232.57942972576302
gen 187 3750 165.02151226997375 394.97809120204244 43.68407987416695 322.40598928508814 454.2911583192166 232.55713738867317
gen 188 3770 165.88211917877197 366.36903962261687 24.170684455126707 326.97429617408716 406.2784687383174 232.55713738867317
gen 189 3790 166.76080584526062 371.6998600450112 50.45721934495722 313.86601244987446 438.0836473511277 232.55713738867317
gen 190 3810 167.6255865097046 394.1495409786804 56.04751675807186 305.9403606669814 471.20200333957405 232.55713738867317
gen 191 3830 168.55301666259766 383.9902536101774 49.70407871096791 306.99625463864896 465.0373593313673 232.55713738867317
gen 192 3850 169.4015326499939 378.5865771970441 44.968093680243115 323.0669815510246 465.01491031493055 232.55713738867317
gen 193 3870 170.1587619781494 371.8530251066143 45.526199325784916 306.8876932293987 434.0902021412919 232.55713738867317
gen 194 3890 170.98754715919495 360.54230614174304 41.902438699098404 301.7556554636448 425.1150001618604 232.55713738867317
gen 195 3910 171.7495436668396 357.0742612451419 38.41939754676705 308.4103612485343 425.9919313254076 232.55713738867317
gen 196 3930 172.49806332588196 367.057919581207 47.39236361217507 314.31399085003903 469.1475086071928 232.55713738867317
gen 197 3950 173.25979256629944 402.4506512735201 45.049724324690686 331.1955985188524 446.6705321541332 232.55713738867317
gen 198 3970 174.0227906703949 368.0243445571259 39.65782024182719 290.973084459462 412.8935235141902 232.55713738867317
gen 199 3990 174.7800281047821 370.90246988241563 53.091926341551755 305.0571350705734 454.01683550875686 232.55713738867317
[[4, 2, 1], [4, 6, 9], [3, 4, 0], [7, 1], [4, 2, 5], [3, 7, 1], [8, 0], [3, 7, 6, 2, 5], [4, 8, 9], [6, 9], [3, 4, 1], [2, 9], [6, 9], [2, 9], [3, 7, 6, 0], [6, 2, 5], [7, 8, 9], [5], [3, 8, 9], [6, 9], [2, 9], [7, 6, 0], [3, 7, 8, 9], [4, 0], [5], [3, 4, 6, 2, 5], [3, 7, 6, 2, 5], [3, 9], [6, 2, 5], [4, 0], [2, 5], [1], [3, 6, 2, 5], [6, 9], [6, 9], [3, 7, 0], [4, 9], [4, 6, 2, 5], [2, 9], [4, 6, 2, 5]]
min  232.55713738867317
gaMin [4, 2, 1, -1, -1, -1, -1, -1, -1, -1, 4, 6, 9, -1, -1, -1, -1, -1, -1, -1, 3, 4, 0, -1, -1, -1, -1, -1, -1, -1, 7, 1, -1, -1, -1, -1, -1, -1, -1, -1, 4, 2, 5, -1, -1, -1, -1, -1, -1, -1, 3, 7, 1, -1, -1, -1, -1, -1, -1, -1, 8, 0, -1, -1, -1, -1, -1, -1, -1, -1, 3, 7, 6, 2, 5, -1, -1, -1, -1, -1, 4, 8, 9, -1, -1, -1, -1, -1, -1, -1, 6, 9, -1, -1, -1, -1, -1, -1, -1, -1, 3, 4, 1, -1, -1, -1, -1, -1, -1, -1, 2, 9, -1, -1, -1, -1, -1, -1, -1, -1, 6, 9, -1, -1, -1, -1, -1, -1, -1, -1, 2, 9, -1, -1, -1, -1, -1, -1, -1, -1, 3, 7, 6, 0, -1, -1, -1, -1, -1, -1, 6, 2, 5, -1, -1, -1, -1, -1, -1, -1, 7, 8, 9, -1, -1, -1, -1, -1, -1, -1, 5, -1, -1, -1, -1, -1, -1, -1, -1, -1, 3, 8, 9, -1, -1, -1, -1, -1, -1, -1, 6, 9, -1, -1, -1, -1, -1, -1, -1, -1, 2, 9, -1, -1, -1, -1, -1, -1, -1, -1, 7, 6, 0, -1, -1, -1, -1, -1, -1, -1, 3, 7, 8, 9, -1, -1, -1, -1, -1, -1, 4, 0, -1, -1, -1, -1, -1, -1, -1, -1, 5, -1, -1, -1, -1, -1, -1, -1, -1, -1, 3, 4, 6, 2, 5, -1, -1, -1, -1, -1, 3, 7, 6, 2, 5, -1, -1, -1, -1, -1, 3, 9, -1, -1, -1, -1, -1, -1, -1, -1, 6, 2, 5, -1, -1, -1, -1, -1, -1, -1, 4, 0, -1, -1, -1, -1, -1, -1, -1, -1, 2, 5, -1, -1, -1, -1, -1, -1, -1, -1, 1, -1, -1, -1, -1, -1, -1, -1, -1, -1, 3, 6, 2, 5, -1, -1, -1, -1, -1, -1, 6, 9, -1, -1, -1, -1, -1, -1, -1, -1, 6, 9, -1, -1, -1, -1, -1, -1, -1, -1, 3, 7, 0, -1, -1, -1, -1, -1, -1, -1, 4, 9, -1, -1, -1, -1, -1, -1, -1, -1, 4, 6, 2, 5, -1, -1, -1, -1, -1, -1, 2, 9, -1, -1, -1, -1, -1, -1, -1, -1, 4, 6, 2, 5, -1, -1, -1, -1, -1, -1]
runTime 175.0862786769867
