gen 0 400 3.057096242904663 406.4194712461624 51.66423202954844 282.3087108087008 551.7632051376157 282.3087108087008
gen 1 820 6.259557008743286 406.3234229961908 53.20398323935096 276.25660031836054 662.4935741128019 276.25660031836054
gen 2 1240 9.496167182922363 403.10339688067756 50.291786201474714 292.2276252089789 550.6464623431841 243.62048656998437
gen 3 1660 12.828644752502441 397.97288338992274 52.06346986384785 264.8709778260386 585.9817565684733 243.62048656998437
gen 4 2080 16.170586347579956 393.10760204915465 47.95356016136239 273.69690250463134 542.855421012152 241.87870383133014
gen 5 2500 19.60016417503357 389.53905511413757 51.66479118306539 251.00258771048874 569.6403761326831 236.70561875076524
gen 6 2920 22.907509565353394 394.55146481588815 50.84780751065182 268.9676996068778 555.9818559071085 236.1403415645425
gen 7 3340 26.44204592704773 386.08598366214125 46.60889791657149 272.8591584671771 527.2963243757326 231.91034646327546
gen 8 3760 29.711796045303345 380.6967496033301 50.35525473525195 248.12308870918017 550.690410670386 231.91034646327546
gen 9 4180 33.203864097595215 380.1711194072521 45.14150244171409 261.4928232729344 526.1217414839174 231.91034646327546
gen 10 4600 36.4820671081543 377.2316697996986 47.81386351863834 255.9333864748541 526.0057297142167 231.91034646327546
gen 11 5020 40.12304663658142 378.7452216029865 47.649210587271384 249.12799779816845 556.1625706826431 231.91034646327546
gen 12 5440 43.48635697364807 372.53077196339495 47.41350512196584 241.79191448000591 506.24334396297354 231.91034646327546
gen 13 5860 46.89748668670654 376.17586559562204 47.519361723892025 261.974455639646 581.5251619662661 231.91034646327546
gen 14 6280 50.30177283287048 368.12523967378314 46.55995846166354 256.7950563071794 499.1994677487534 226.13797945311762
gen 15 6700 53.70222473144531 365.1372472258617 45.23212987017819 256.2438631916574 543.8832055415279 226.13797945311762
gen 16 7120 57.08472919464111 362.8200573561052 48.07427775303409 235.97869534510284 505.3255048930031 226.13797945311762
gen 17 7540 60.522093296051025 365.3001646439586 45.20985994054869 246.95708769445707 517.6781711385602 226.13797945311762
gen 18 7960 63.979610204696655 368.01371825826294 47.771555944729656 243.57992683916706 535.98914202135 226.13797945311762
gen 19 8380 67.4479615688324 361.34181499722735 46.614636089486126 237.11828127813658 500.2893118875432 226.13797945311762
gen 20 8800 70.92020869255066 358.86051779088876 44.17620997340251 241.61834143813383 478.3170420279328 226.13797945311762
gen 21 9220 74.50918960571289 365.6430416711408 45.75011014263584 258.92014609176925 524.2734969269756 226.13797945311762
gen 22 9640 78.10744500160217 362.02372537709266 45.09867370781401 246.02976401515497 526.150845464204 226.13797945311762
gen 23 10060 81.70387172698975 361.161726188651 43.62037144523914 258.8580761222198 503.7215687782783 226.13797945311762
gen 24 10480 85.35212635993958 364.0878185050482 47.90202993142275 238.3272595282253 532.5756365931924 226.13797945311762
gen 25 10900 89.01011180877686 359.91373211925 43.10458627555873 252.8620782640591 512.715733403478 226.13797945311762
gen 26 11320 92.67132520675659 358.1406528701632 45.52770596889764 248.87603226671706 538.363845029341 226.13797945311762
gen 27 11740 96.37131094932556 358.04689910472234 40.71180369139632 241.76544064074443 490.78119174495293 226.13797945311762
gen 28 12160 100.09091377258301 360.10161999598364 43.19376078603463 260.0554049546914 534.7023300411847 226.13797945311762
gen 29 12580 103.84891176223755 361.8070304019057 44.430989853882394 229.0246508647258 522.282376312258 226.13797945311762
gen 30 13000 107.65057015419006 361.98435346314653 45.2479540783993 241.43761628882405 529.5997047134045 226.13797945311762
gen 31 13420 111.48485803604126 365.58009184089246 43.95693567604531 242.76195610043797 545.8365943690064 226.13797945311762
gen 32 13840 115.39111661911011 367.5591202764598 45.45283132365962 265.7534167958057 499.01031030253046 226.13797945311762
gen 33 14260 119.35084080696106 371.31159413915464 47.13156877565548 247.56166173242434 501.54848551148 226.13797945311762
gen 34 14680 123.3301453590393 371.922757788952 46.3945996866557 261.8221250791065 513.6056330321578 226.13797945311762
gen 35 15100 127.46577143669128 371.766375212813 46.18935845020161 267.4788891170469 498.43741672677027 226.13797945311762
gen 36 15520 131.70265769958496 373.8638776852625 47.55538941851309 248.59982281993499 541.997409495985 226.13797945311762
gen 37 15940 135.7598774433136 375.3148754452243 47.62879814486812 252.41310305642472 550.0277704425157 226.13797945311762
gen 38 16360 139.9441065788269 377.83024582011524 50.55242346198167 276.9760924087286 577.0060382205614 226.13797945311762
gen 39 16780 144.57951760292053 381.83614420268816 44.954722003893735 276.69260107956234 539.3284605454392 226.13797945311762
gen 40 17200 148.73155450820923 377.8409330820889 49.50529836177794 267.1953113869901 587.972353343502 226.13797945311762
gen 41 17620 152.9617817401886 383.9002467252755 51.37429053936212 255.8854783176005 548.975414724747 226.13797945311762
gen 42 18040 157.1079978942871 384.172477546809 50.309263561581616 273.34619313616037 562.1608249414468 226.13797945311762
gen 43 18460 161.30686283111572 386.18041676048136 46.02292062784921 267.4275834122047 555.9808230021845 226.13797945311762
gen 44 18880 165.5610065460205 390.53409724863917 50.034264537447505 278.67321345891344 562.628759363405 226.13797945311762
gen 45 19300 169.93290877342224 392.5669024400065 51.10238038390981 261.14168544553286 599.4289288999535 226.13797945311762
gen 46 19720 174.42513489723206 401.0886907237663 50.55283807870873 265.03771770021547 538.2444683595595 226.13797945311762
gen 47 20140 178.85701966285706 397.60214832200865 48.78086528038299 268.36151338395246 576.5784443021948 226.13797945311762
gen 48 20560 183.32318115234375 401.05567907331965 49.25596692819206 252.70817349703822 580.2876088660713 226.13797945311762
gen 49 20980 187.84902477264404 400.1607015519336 45.77613054156695 265.3314823539574 562.0048970777875 226.13797945311762
gen 50 21400 192.49897861480713 403.43479605142335 52.72374201420989 268.77640300400276 607.3450543498014 226.13797945311762
gen 51 21820 197.2855703830719 413.06835903197725 54.079310747655924 271.6630951661252 584.503667571069 226.13797945311762
gen 52 22240 203.12909078598022 413.1766514526734 49.47703518440449 257.32959702089715 569.1313533521534 226.13797945311762
gen 53 22660 208.12823367118835 411.1228289375955 51.47648734534577 280.6104264751422 587.3953843649027 222.33317040617237
gen 54 23080 213.32158374786377 419.5270196819095 54.81081981303723 270.1602625978756 623.0237445781116 222.33317040617237
gen 55 23500 218.25608468055725 418.6523568848802 52.65441796571981 294.9993569418752 578.8765680550273 222.33317040617237
gen 56 23920 223.34050941467285 422.0478604952384 53.23041837893162 284.03098979870924 633.8595374868854 222.33317040617237
gen 57 24340 228.44520235061646 429.0538694048472 55.14262387751614 292.55103399244734 596.3711882967453 222.33317040617237
gen 58 24760 233.6419095993042 428.84137670014576 51.8249230184963 298.80669874075386 624.1213486689426 222.33317040617237
gen 59 25180 238.8154423236847 424.94558003744197 54.33944719223102 274.15863894813526 610.8863951241536 222.33317040617237
gen 60 25600 244.09397673606873 432.8517340479588 53.50430312695098 294.28465989517474 615.4083317241459 222.33317040617237
gen 61 26020 249.49014019966125 437.4417397311374 57.293919212070115 305.0824970291927 626.318325288078 222.33317040617237
gen 62 26440 254.86185503005981 435.68148060429934 49.94648896707186 312.4332026588484 594.8739844583451 222.33317040617237
gen 63 26860 260.3980185985565 441.78697121597156 54.54159541786077 270.218421607682 634.987082799221 222.33317040617237
gen 64 27280 265.9818391799927 439.80883169430257 57.433832851404695 297.815064846434 598.8072972610163 222.33317040617237
gen 65 27700 271.5977478027344 445.07862735970696 54.225078544623905 285.9184003902406 647.2447231442039 222.33317040617237
gen 66 28120 277.17216634750366 439.82595970809416 60.03855000204586 297.941647557045 635.099236902422 222.33317040617237
gen 67 28540 282.8614492416382 445.79377487805874 53.37339149226436 298.9657090023156 616.2547899182746 222.33317040617237
gen 68 28960 288.6077690124512 444.78767829255975 54.1166732542919 286.137705005014 654.271782699745 222.33317040617237
gen 69 29380 294.4218385219574 450.46065559491916 56.649484473479646 299.73771825535783 627.8917388555973 222.33317040617237
gen 70 29800 300.3140730857849 453.85116859615385 57.77564501214277 307.9188579948271 643.1535880652149 222.33317040617237
gen 71 30220 306.2151484489441 450.27100521672475 58.595573488185956 278.90737338747107 660.3603371367469 222.33317040617237
gen 72 30640 312.1768248081207 451.21100581203996 55.680272748941526 300.3564393734483 589.0944654930826 222.33317040617237
gen 73 31060 318.18832564353943 460.13932175405483 58.69503177387093 300.49616039629944 688.7712328174308 222.33317040617237
gen 74 31480 324.190034866333 456.9237083741909 59.58336350240827 276.1580116787776 639.3626335804029 222.33317040617237
gen 75 31900 330.29322052001953 461.8627822225836 55.105147024429456 298.1005614813241 626.0586627570312 222.33317040617237
gen 76 32320 336.35783982276917 460.01718341373964 52.90720692922742 314.0456636714738 646.0701252436633 222.33317040617237
gen 77 32740 342.51315450668335 464.72697750959617 58.58953141100703 300.16072498027575 671.2992585807729 222.33317040617237
gen 78 33160 348.7202081680298 464.84360515526146 55.97741164171362 284.253326934759 627.977523672851 222.33317040617237
gen 79 33580 354.91070318222046 464.4109113246761 53.29815592218746 313.9308472543368 650.6977003826071 222.33317040617237
gen 80 34000 361.2045967578888 472.4977526875835 57.105934920531574 297.9984216696374 646.8752761981982 222.33317040617237
gen 81 34420 367.57677030563354 471.1173147828774 59.12872697803751 278.93666115606084 690.1155322770069 222.33317040617237
gen 82 34840 373.9095621109009 471.27756188306427 56.2920590385818 289.988762121479 753.1449896618459 222.33317040617237
gen 83 35260 380.28178811073303 471.84046230292887 62.72033821338081 300.55644216775227 723.7809915398345 222.33317040617237
gen 84 35680 386.6960904598236 476.9693973321027 54.850799874132385 312.71623879299676 661.1599947668952 222.33317040617237
gen 85 36100 393.01646852493286 472.7479583690269 59.04336856827987 290.9024730072033 668.2109396080929 222.33317040617237
gen 86 36520 399.29397320747375 473.01685504248934 54.74770551808665 326.3306289531201 636.9174815205201 222.33317040617237
gen 87 36940 405.62098574638367 479.5574156827046 61.0992603480425 322.9260814311744 707.3046519070369 222.33317040617237
gen 88 37360 411.9222273826599 474.4984581645134 55.907212642831404 281.794711042686 657.7957733741616 222.33317040617237
gen 89 37780 418.25944805145264 475.3076289996378 63.290037330778596 278.56471423093524 698.5354335750243 222.33317040617237
gen 90 38200 424.5790100097656 476.15177602161884 61.13859390002548 291.3453543051395 683.14834428572 222.33317040617237
gen 91 38620 431.0175244808197 478.163545244056 59.876785664944535 311.8573790981093 690.1824345575925 222.33317040617237
gen 92 39040 437.3896691799164 476.83325442469084 59.72891375072644 308.24644773518696 677.2322976791924 222.33317040617237
gen 93 39460 443.85657262802124 483.46757147408886 60.15659870055482 337.0119458208237 687.3456086936318 222.33317040617237
gen 94 39880 450.3553605079651 486.09801026567106 57.40525895192059 332.47013225530594 673.7584155673327 222.33317040617237
gen 95 40300 456.8463761806488 487.73429484409854 56.82891566432948 331.3460113432234 672.2585574768043 222.33317040617237
gen 96 40720 463.36065912246704 487.61139528826095 56.89105533756482 335.7163492439193 690.4937627075285 222.33317040617237
gen 97 41140 470.0010254383087 488.5300614831022 55.57113003311295 325.4303534413447 679.498073688284 222.33317040617237
gen 98 41560 476.75212693214417 495.36977771650845 56.3123727909264 338.18736427698894 687.0106946222907 222.33317040617237
gen 99 41980 483.5092136859894 492.5886512585185 61.09986852407382 323.73800846528087 701.9701411894137 222.33317040617237
gen 100 42400 490.23410987854004 491.5383572718376 58.04612045516002 307.28178745723596 710.0438649711925 222.33317040617237
gen 101 42820 496.9726891517639 497.24321270035637 60.21460082650671 333.964496075899 737.630562026613 222.33317040617237
gen 102 43240 503.63778591156006 496.3553281180143 60.18723788014426 305.33514552139394 725.1456248780238 222.33317040617237
gen 103 43660 510.36287784576416 494.6025764447157 60.507759556374815 333.9939392683121 723.5127429982216 222.33317040617237
gen 104 44080 517.0069024562836 497.19590227001504 54.19897130338175 297.74747706826145 678.514035147182 222.03160847087784
gen 105 44500 523.6839826107025 495.5343590798696 59.547003031282976 306.76758500303106 690.6905492882147 222.03160847087784
gen 106 44920 530.401355266571 496.87424419467226 57.00038295446489 309.32108260338293 702.1215232988762 222.03160847087784
gen 107 45340 537.1056594848633 497.09928514605434 60.26554456109749 314.2672567427352 713.1253465410741 222.03160847087784
gen 108 45760 543.8344066143036 503.3829497235709 57.51479195805062 340.0650997261235 741.0078790789651 222.03160847087784
gen 109 46180 550.6830492019653 500.2117716815741 59.570753042233534 302.61387611838256 694.0347584930449 222.03160847087784
gen 110 46600 557.5990381240845 502.8628096992099 59.23219898381448 344.20552929044567 697.2331336871425 222.03160847087784
gen 111 47020 564.5158016681671 500.9530237856275 62.075615922986245 304.4932612737704 743.4029990023793 222.03160847087784
gen 112 47440 571.3630340099335 505.8900407349306 58.57224665305815 333.93761478129073 741.3445595009881 222.03160847087784
gen 113 47860 578.24525141716 504.6432370409534 62.841295239311854 303.7454736914996 750.6975013768028 222.03160847087784
gen 114 48280 585.1057698726654 505.9714406670748 59.99911516008803 333.49772156482004 757.3082099625241 222.03160847087784
gen 115 48700 592.1246552467346 508.9489371073034 61.47248752824118 335.17089791027126 712.0747725519087 222.03160847087784
gen 116 49120 598.9582393169403 515.6188403167475 67.72511362161984 344.6496839508455 761.3911035482689 222.03160847087784
gen 117 49540 605.7646932601929 510.1693528447769 63.26751744762597 314.0430031920858 778.2423265874178 222.03160847087784
gen 118 49960 612.6164267063141 508.8654937142512 65.18435210133215 347.51756652235747 754.7449397804568 222.03160847087784
gen 119 50380 619.521998167038 516.0238728475327 61.503979768348806 361.1465616432599 739.5690512321678 222.03160847087784
gen 120 50800 626.3848578929901 511.16180818659603 56.68448863822756 363.6645961211748 758.7339595485467 222.03160847087784
gen 121 51220 633.4063749313354 513.4970043437356 61.89847750981134 343.4568244770935 763.8177815552199 222.03160847087784
gen 122 51640 640.4224576950073 513.602636073373 59.717315431840746 289.10119709096585 709.1573841377916 222.03160847087784
gen 123 52060 647.5575308799744 516.4409195850768 61.89964314514786 314.9660488583611 754.7951474009113 222.03160847087784
gen 124 52480 654.6347336769104 520.3147040718355 59.35955221431955 329.00332914795763 742.0812424607458 222.03160847087784
gen 125 52900 661.6785154342651 520.9705116448633 64.29303454374386 337.7085051151588 760.4896670436314 222.03160847087784
gen 126 53320 668.9548282623291 518.2304372394157 58.91836992588218 351.1933872897348 718.5515969923555 222.03160847087784
gen 127 53740 676.0652556419373 519.5288845635638 57.92663703231095 352.25924603461414 757.7087381478918 222.03160847087784
gen 128 54160 683.2500622272491 524.7327998921476 65.76641469979222 353.28193504193547 797.4377586112483 222.03160847087784
gen 129 54580 690.3536953926086 524.9504354543941 65.24272188045163 310.37680388617537 799.6827047375878 222.03160847087784
gen 130 55000 697.5200533866882 525.7071027845883 59.09281772338374 331.21345376710775 788.1055115930749 222.03160847087784
gen 131 55420 704.5997397899628 527.346335066099 65.40700664948832 355.9137895622854 763.4043824453622 222.03160847087784
gen 132 55840 711.9446551799774 527.2249743971718 61.321251288481044 359.5143566419049 790.7431755561508 222.03160847087784
gen 133 56260 719.1947801113129 529.4179534899887 64.1416190495508 333.3318764419656 794.3043031907729 222.03160847087784
gen 134 56680 726.4807186126709 528.004540983679 60.89319700505494 336.42437335742073 810.1568244039925 222.03160847087784
gen 135 57100 733.7186913490295 526.8111819767929 52.65629262130772 360.6698976815499 756.2499829643716 222.03160847087784
gen 136 57520 740.9885723590851 528.3854038685267 59.85012663594194 357.10331130228417 769.8974066846849 222.03160847087784
gen 137 57940 748.3329367637634 534.2421322904561 63.10723556197915 377.9795666080447 761.6682359641579 222.03160847087784
gen 138 58360 755.7204949855804 534.4414279740834 64.10956412378675 344.05630304039767 786.8273367999278 222.03160847087784
gen 139 58780 762.9974069595337 535.5013246825852 67.61176668689079 335.509934465567 788.1310639672536 222.03160847087784
gen 140 59200 770.2900547981262 542.8636231625073 65.2773236988642 352.6355513206708 797.6980771264896 222.03160847087784
gen 141 59620 777.6003482341766 543.1595256575046 66.06442710676157 363.030176030052 797.4446211853865 222.03160847087784
gen 142 60040 784.9705445766449 540.6222363823063 64.06499815367893 358.9806746897913 789.666712880348 222.03160847087784
gen 143 60460 792.3785221576691 547.1433123499665 66.11745537111764 382.6233094995535 784.1726998097143 222.03160847087784
gen 144 60880 799.9792490005493 545.5727338622744 63.965064675569685 371.1070132292583 770.233468054584 222.03160847087784
gen 145 61300 807.3616378307343 547.6456360829459 65.86645024000153 377.63044734988404 787.5617771108288 222.03160847087784
[[11, 7, 5], [8, 3, 14], [3, 12], [17, 6], [8, 7, 5], [16, 1], [16, 2, 1], [10, 16, 14], [3, 18, 14], [12], [2, 1], [4, 7, 0, 5], [10, 17, 6], [13, 14], [11, 2, 0, 5], [3, 12], [9, 19, 2, 5], [13, 6], [17, 15], [10, 14]]
min  222.03160847087784
gaMin [11, 7, 5, -1, -1, -1, -1, -1, -1, -1, -1, -1, -1, -1, -1, -1, -1, -1, -1, -1, 8, 3, 14, -1, -1, -1, -1, -1, -1, -1, -1, -1, -1, -1, -1, -1, -1, -1, -1, -1, 3, 12, -1, -1, -1, -1, -1, -1, -1, -1, -1, -1, -1, -1, -1, -1, -1, -1, -1, -1, 17, 6, -1, -1, -1, -1, -1, -1, -1, -1, -1, -1, -1, -1, -1, -1, -1, -1, -1, -1, 8, 7, 5, -1, -1, -1, -1, -1, -1, -1, -1, -1, -1, -1, -1, -1, -1, -1, -1, -1, 16, 1, -1, -1, -1, -1, -1, -1, -1, -1, -1, -1, -1, -1, -1, -1, -1, -1, -1, -1, 16, 2, 1, -1, -1, -1, -1, -1, -1, -1, -1, -1, -1, -1, -1, -1, -1, -1, -1, -1, 10, 16, 14, -1, -1, -1, -1, -1, -1, -1, -1, -1, -1, -1, -1, -1, -1, -1, -1, -1, 3, 18, 14, -1, -1, -1, -1, -1, -1, -1, -1, -1, -1, -1, -1, -1, -1, -1, -1, -1, 12, -1, -1, -1, -1, -1, -1, -1, -1, -1, -1, -1, -1, -1, -1, -1, -1, -1, -1, -1, 2, 1, -1, -1, -1, -1, -1, -1, -1, -1, -1, -1, -1, -1, -1, -1, -1, -1, -1, -1, 4, 7, 0, 5, -1, -1, -1, -1, -1, -1, -1, -1, -1, -1, -1, -1, -1, -1, -1, -1, 10, 17, 6, -1, -1, -1, -1, -1, -1, -1, -1, -1, -1, -1, -1, -1, -1, -1, -1, -1, 13, 14, -1, -1, -1, -1, -1, -1, -1, -1, -1, -1, -1, -1, -1, -1, -1, -1, -1, -1, 11, 2, 0, 5, -1, -1, -1, -1, -1, -1, -1, -1, -1, -1, -1, -1, -1, -1, -1, -1, 3, 12, -1, -1, -1, -1, -1, -1, -1, -1, -1, -1, -1, -1, -1, -1, -1, -1, -1, -1, 9, 19, 2, 5, -1, -1, -1, -1, -1, -1, -1, -1, -1, -1, -1, -1, -1, -1, -1, -1, 13, 6, -1, -1, -1, -1, -1, -1, -1, -1, -1, -1, -1, -1, -1, -1, -1, -1, -1, -1, 17, 15, -1, -1, -1, -1, -1, -1, -1, -1, -1, -1, -1, -1, -1, -1, -1, -1, -1, -1, 10, 14, -1, -1, -1, -1, -1, -1, -1, -1, -1, -1, -1, -1, -1, -1, -1, -1, -1, -1]
runTime 807.3616378307343
