gen 0 10 21.338135480880737 1132.0723938059605 93.06810505997015 1005.4723885053706 1303.1401381128435 1005.4723885053706
gen 1 80 73.80058097839355 1088.5234843644946 72.24003640450454 974.2818046713653 1217.7652908395717 943.7486779108946
gen 2 150 122.47495150566101 1099.452756115045 90.11586406501026 930.4496371053634 1225.8911699842527 914.9570563396234
gen 3 220 170.06226110458374 1111.5843854059565 68.13995937082166 1026.8565427066633 1249.894345906748 878.302301380597
gen 4 290 217.58418130874634 1080.4591077206537 54.612046229545854 988.619272367631 1144.9317581346618 850.9504510270672
gen 5 360 263.3909809589386 1033.0782674156412 80.05177102408767 948.1206925744973 1188.974157349254 826.9949655597945
gen 6 430 307.8951323032379 1073.4244162861783 65.05696351117363 980.1438521189892 1225.714160290746 803.3705532769548
gen 7 500 351.3472948074341 1037.7542434498862 104.62526462198274 864.2176569161178 1269.5811004193679 782.269778786301
gen 8 570 390.9662981033325 1036.310640224 113.33731004197087 902.39257241991 1267.16208708575 737.0128612667299
gen 9 640 432.8608832359314 1087.2120756220977 69.78233371861802 962.5735778879192 1231.5741546087124 710.414585401854
gen 10 710 474.3688051700592 1039.6285909729409 103.41771539323253 935.362022919306 1251.856559245559 672.273806736272
gen 11 780 514.8468489646912 1046.5100052827233 50.37753868821514 957.1221101956587 1117.7547662559805 660.48371140051
gen 12 850 553.717574596405 1033.2194186186393 84.32609527976639 932.0819007906704 1185.6832851662177 646.9645526684612
gen 13 920 593.7405853271484 1066.5558177445316 76.15931451983862 919.2444033658024 1186.085576567642 630.8779378701882
gen 14 990 633.1115503311157 1049.9181271874722 76.04614003306101 941.9707114977334 1180.9807348290194 626.3699529087296
gen 15 1060 671.3419725894928 1028.5453485752762 55.631535095896155 931.1058978505647 1101.2084744516242 619.4763883733622
gen 16 1130 708.2028031349182 1041.8681150789848 92.44948066068818 864.9151349642177 1173.0188551399492 613.3130183604977
gen 17 1200 744.5871329307556 1011.1483644604774 111.88043513050489 801.1737582584344 1188.4048064014494 607.8855092522319
gen 18 1270 787.4599823951721 1094.080800196778 80.58175255291742 993.7902188590065 1277.2506469037864 601.8839970067198
gen 19 1340 832.9988481998444 1034.9001645733738 116.49836214381064 866.6600460131018 1191.1248491598087 598.2762043768261
gen 20 1410 875.3456795215607 1068.7015369851295 80.62422558812685 979.1887958020743 1231.825849232171 592.5003292490322
gen 21 1480 918.3715980052948 1046.645763923138 82.37586274482732 891.7469313744077 1156.1575359078279 586.0163426593924
gen 22 1550 959.7373027801514 1054.4295251563703 70.54066121069003 954.9690650166979 1156.622277193439 579.2226489603001
gen 23 1620 992.9662659168243 1048.932384519155 83.79930929930819 877.9472832963747 1150.4852251410273 568.3166815335258
gen 24 1690 1032.569536447525 1023.7272643071896 74.17840999697775 910.0316300790907 1144.7088961691484 562.5650067474191
gen 25 1760 1075.0944097042084 1034.8399230022271 74.43381843140457 917.2812168533509 1181.0220126724464 560.6580064614587
gen 26 1830 1104.6518950462341 1056.3892639213323 91.82566831770924 892.8873879615828 1175.1457631794215 543.2596316291153
gen 27 1900 1138.723239183426 971.4080238862373 75.399986805144 878.150072081574 1126.3167691171705 536.3364971289867
gen 28 1970 1178.8859989643097 978.3356614033567 82.45711087020648 791.6380478336582 1087.3658839361663 532.7171696346178
gen 29 2040 1212.8190834522247 988.4815083693389 31.8824252554273 924.486347997939 1032.5310389464012 527.4216540673924
gen 30 2110 1241.6122653484344 1098.2755782441036 114.78625674670776 940.4243692823711 1293.9232406254273 522.875120329696
gen 31 2180 1281.0416285991669 1058.0879523848005 72.47931580035056 896.5097893569352 1150.3850373005275 519.3802478315952
gen 32 2250 1321.7736446857452 1089.8558008306893 90.42649903996809 909.4455940387599 1276.1855819369193 507.93817631817404
gen 33 2320 1348.7452964782715 1007.2870111511656 74.05789914162446 869.7477001388912 1134.6578592645023 504.1577387312534
gen 34 2390 1380.3048641681671 1000.7968635839419 78.68778150432993 832.260936116138 1142.0589602419716 502.81649793739416
gen 35 2460 1419.1663320064545 992.5284278453039 105.41998312463225 812.0263889682155 1165.3683459495464 502.14167167098253
gen 36 2530 1453.136204957962 1063.7292847814153 75.93657176130264 937.0739334715885 1209.9931057773297 501.2111590402135
gen 37 2600 1479.9716897010803 990.0197950659152 77.88974096562531 842.5396975421244 1137.2334006170913 500.09948917360515
gen 38 2670 1517.6199824810028 1044.4432403362703 86.70192817512323 866.832885116397 1162.2585084029477 497.637812517375
gen 39 2740 1555.6147837638855 1003.2822096586964 74.66476052432131 880.0577135190679 1132.3832420175484 495.5891828651814
gen 40 2810 1582.8474707603455 1041.3352426085662 79.19090994114318 865.2810521207014 1154.2461213697081 492.03432512103365
gen 41 2880 1613.90465259552 1023.6524610477447 71.4958835698679 940.1518949095566 1177.0222242569932 479.7206035456627
gen 42 2950 1650.8233499526978 1041.3749604465552 113.27165726230365 836.1992989136867 1210.305677059472 476.4757902276428
gen 43 3020 1684.9324078559875 1058.4485992541788 102.01795869304574 856.8270374573228 1159.673988698546 470.05975831137636
gen 44 3090 1710.9352254867554 1010.5664318953834 111.47507687459593 863.9813796337435 1189.8254956095793 465.13871826678655
gen 45 3160 1742.004610300064 980.9705593381217 75.71877306058096 808.029942125393 1100.8956264531382 462.81941303280144
gen 46 3230 1778.8216269016266 1026.4027447249464 100.78103177660533 863.8174304096347 1162.6670022824446 460.41674329346495
gen 47 3300 1808.906044960022 967.2018319422353 97.7082196618612 814.5194881019353 1177.0110296016098 454.7943043697322
gen 48 3370 1833.804441690445 1013.8306529375523 130.44602337285673 814.5111267323744 1250.4173766840368 448.28264669176156
gen 49 3440 1865.2617933750153 1005.9949179128282 87.28170460555593 853.9786177949325 1132.4641058341665 445.43324637723185
gen 50 3510 1900.848744392395 1027.4060520653595 142.97290803195318 854.7196333188937 1325.5431842185108 442.04267277002975
gen 51 3580 1931.3775148391724 1018.8011339629693 112.35769259456146 847.9470299668259 1220.9820395138806 440.558223304422
gen 52 3650 1954.67458319664 984.7393592821393 58.918235799607565 897.2872939202965 1125.6183638753112 439.91519363872567
gen 53 3720 1986.8570475578308 1042.5266782861918 81.14406122395746 925.0573694309337 1209.1529531403633 439.5256720181017
gen 54 3790 2020.5609958171844 966.2622198075326 57.57336463223063 858.0660471614372 1065.8496578303143 438.337562954593
gen 55 3860 2046.8285100460052 1053.888859109875 87.43591870003848 919.0102407053918 1205.6386480662356 436.7533893140864
gen 56 3930 2072.501401424408 1014.4044337632325 84.1300853874657 868.9193807614785 1131.029380412549 436.31761621936295
gen 57 4000 2106.393807411194 1035.9702599408408 55.68321870080792 967.4244945170994 1134.7892269990728 435.8868249110934
gen 58 4070 2139.3405060768127 1006.5129467144168 84.98263009908021 896.7397156417144 1171.5829106321396 435.3571698956538
gen 59 4140 2163.603954076767 1027.2793286575595 111.03635167096722 881.4931104799264 1208.816375547714 434.92464872586754
gen 60 4210 2192.6241517066956 1032.6695089565596 82.56109331923179 915.0841254711572 1145.8941012172802 434.1655311803345
gen 61 4280 2226.5292394161224 1014.1782847084087 72.85017080907443 889.5012298861046 1144.3815377656224 431.9322284467764
gen 62 4350 2256.586267709732 1018.9471894991423 126.39979744171038 826.2015555984289 1263.9907177412895 431.152412692499
gen 63 4420 2280.461731672287 987.6911172217569 106.47386717213396 815.2957038493179 1164.8243895701091 430.539795218673
gen 64 4490 2310.657769680023 1016.6448426827003 92.07835632997717 800.7129949620214 1106.8553200238282 429.4827803684836
gen 65 4560 2343.6489078998566 987.0093134334011 64.73318107803557 863.5864099211083 1081.6261352513977 428.97410336466754
gen 66 4630 2371.0497930049896 1025.1686690685053 105.06913758044585 885.0956231058273 1189.9012703923836 427.65754546516945
gen 67 4700 2394.4214746952057 1008.544713593669 89.00252652503613 821.3512719756823 1171.605907320447 426.46301406796135
gen 68 4770 2426.301910161972 1047.0423773446573 89.73904242759887 894.9080033852579 1196.9674819531635 424.2030867815217
gen 69 4840 2458.716765642166 1022.5662441854562 67.32130408813411 899.868119058249 1130.9019089538451 421.1024309122657
gen 70 4910 2482.964556455612 964.3975304712633 84.36379900013527 791.0894215636703 1093.1651263858862 415.10502350399577
gen 71 4980 2506.4570820331573 970.259438126385 85.86660681482536 859.6910124611372 1087.2830108596465 412.369439062839
gen 72 5050 2538.7345027923584 1021.5218834011193 62.36519823079356 922.5299817776303 1152.3761545394934 410.50782550370957
gen 73 5120 2570.3476684093475 996.0283560077829 63.9548274307046 882.493054002333 1102.457363394169 409.2754705122658
gen 74 5190 2593.909591436386 1060.3937941705278 98.61179555654508 885.4950765463255 1237.0502699423635 409.1888449721864
gen 75 5260 2619.2236495018005 1021.358565292389 91.7359878940808 918.9120243140652 1185.6470528604139 408.48329298169756
gen 76 5330 2650.56587433815 1032.5919175111153 76.26588840689385 912.4661406464285 1111.0267195157776 408.01832461227565
gen 77 5400 2681.1970381736755 1026.5875813568564 85.42668881094136 886.6742226063229 1147.0045126924658 407.2409131386711
gen 78 5470 2704.799679994583 1029.3142355927935 121.1933629008988 825.580426423663 1224.1412378337561 406.52941799525394
gen 79 5540 2731.042604446411 983.7480444237365 119.29246420915706 809.7917374107759 1182.8178770120974 404.0361239438092
gen 80 5610 2763.978912591934 1026.0768825226564 90.37903550214511 926.0950818930031 1187.8062701692334 403.4322863015448
gen 81 5680 2794.7100219726562 1064.2037446364834 57.43311375922683 966.3879722347679 1146.7162182692412 402.85735998630537
gen 82 5750 2817.053049325943 987.5438405122692 64.07055891239246 874.766167984703 1081.783630855894 402.72990503723315
gen 83 5820 2843.78697013855 986.8273762906845 67.87062470332017 870.5842695343197 1099.0272362405228 402.1541583760173
gen 84 5890 2875.2652049064636 1024.2187337447012 111.27847757107047 792.0472791042218 1181.3642053868402 401.6974283041515
gen 85 5960 2903.2037749290466 1009.249798473227 75.86869822793811 908.7992721363682 1147.4012697397263 400.3523091963672
gen 86 6030 2925.0624482631683 997.2718466186622 77.26202846203773 880.2410542366732 1136.1687093822773 399.844470631707
gen 87 6100 2953.6725392341614 1056.0669315924183 100.89986894166803 855.6604801650311 1188.8198140104007 398.8159669267554
gen 88 6170 2984.7440938949585 1010.4898551687281 112.94155737037433 812.2611569027426 1183.9210878063113 398.27011526476383
gen 89 6240 3012.5538120269775 1047.4719337639567 74.35041774866279 889.5418279465782 1154.062518234918 397.67970617579397
gen 90 6310 3035.9352695941925 1055.7500356806208 95.21514776365893 854.9194178036377 1207.1082441022586 395.4221661971859
gen 91 6380 3065.2867002487183 985.1546850158556 59.869181016691705 875.8991863953962 1129.6517507846781 394.2956021042633
gen 92 6450 3095.343742132187 943.3996291371511 81.49031966218021 774.1350046400806 1082.7804396307909 393.0280793254896
gen 93 6520 3120.833087205887 1008.7532709646615 121.23372981151627 882.4431580498506 1289.9210377144418 392.0329518613769
gen 94 6590 3144.0194866657257 1044.1894781673486 90.64819455853274 907.1446190607451 1219.1818340153463 389.6236715308962
gen 95 6660 3172.4871804714203 1075.680872658139 83.10148212124967 895.5154373653475 1186.2930709280342 387.9862552982478
gen 96 6730 3202.78035569191 1041.8942724265455 43.188445078396704 946.8638061719048 1106.082592142991 386.1630067857957
gen 97 6800 3233.711739063263 1055.028711897699 65.92894311309777 955.0895241319365 1165.7828041599578 386.00446040973566
gen 98 6870 3264.0364928245544 1030.604013456155 93.51414119083721 920.5162541459216 1252.255043268166 384.97372906790986
gen 99 6940 3294.094893217087 1019.3906789665682 83.50226287545667 884.6278732480025 1144.3425562391924 384.3681056708432
gen 100 7010 3323.3988585472107 1005.860882499133 90.55912139086212 816.4727179505732 1157.4367691552595 383.67072556098253
gen 101 7080 3353.115076303482 990.2935093549971 82.36234489443397 889.2311426217383 1128.5410140696094 382.36938263495273
gen 102 7150 3381.883176803589 1039.5183883189225 92.83518231274476 917.199775608615 1155.2500751459675 380.86867492509896
gen 103 7220 3407.6560156345367 1061.1600354555069 50.58177461280771 973.0928146186188 1134.6146286353198 380.6190665335208
gen 104 7290 3437.778239250183 1046.97059434158 81.3324004147587 912.509083497944 1220.6439208001482 379.41619405009675
gen 105 7360 3467.5156099796295 1031.6329269776315 123.47714013532996 743.8410911263526 1232.4087317845408 379.2066744986638
gen 106 7430 3496.5479929447174 1081.8490867268295 107.8943631800605 969.9154782525889 1357.3459190054298 379.0537905050118
gen 107 7500 3526.245952606201 1029.0480754766158 86.60543028801445 827.3853809676074 1193.6455493232875 378.67062573709524
gen 108 7570 3553.1188127994537 1008.6244319466068 85.57381986737306 847.2245163526427 1129.8011467674726 376.37848249363753
gen 109 7640 3575.920374393463 1036.6126391202968 149.48659854993875 751.4394640741906 1270.5190236158908 376.3449343397729
gen 110 7710 3598.5355694293976 1099.8755715861869 78.51798181320041 991.3569281030533 1283.344647921233 375.235513671156
gen 111 7780 3620.232791662216 1004.5198448187332 82.54476590996627 795.9057813452495 1109.399579661154 374.6444730365189
gen 112 7850 3642.20516872406 989.2237205068752 86.32019527411391 816.0082949325729 1093.334356484901 374.41198945898617
gen 113 7920 3670.8127834796906 1040.5761731822408 97.99926777157592 883.2937975917635 1230.6449381782722 373.32727152344285
gen 114 7990 3700.4424171447754 1011.2497841502121 101.35077307405322 829.5624088641708 1151.6881006121594 372.29247049138
gen 115 8060 3729.4555904865265 1065.574907926071 141.5900844891673 789.9861442911432 1298.167960685193 372.12037433442407
gen 116 8130 3757.8461198806763 1012.3312345278162 113.50993837673514 791.6905933636751 1194.424276169941 371.0774673987015
gen 117 8200 3779.5524611473083 1033.945987127746 82.34891279394569 875.8986939839499 1188.407268855076 370.6428485672445
gen 118 8270 3801.0267865657806 1015.0314850123071 129.80060024188143 834.8246954659103 1259.6963382710053 370.59181369820664
gen 119 8340 3823.0361807346344 1049.306017806874 62.830524888029615 940.0349344173039 1175.3926630922176 370.59181369820664
gen 120 8410 3845.546031475067 1055.1165165216994 89.03807754689132 928.8177886682674 1227.577140075002 370.4951653065492
gen 121 8480 3871.8167610168457 995.0411251759886 64.72490397218343 910.6966774102265 1112.1089514012217 370.36740046499324
gen 122 8550 3900.2058775424957 986.0110688875839 88.38899347007145 843.8224367913792 1177.4503215317204 368.18142884609574
gen 123 8620 3928.68115568161 1032.3234926918399 83.61004948509743 868.5679181049444 1174.9542661092041 367.22218614884895
gen 124 8690 3956.7543334960938 1054.9223744967244 76.99740177947014 937.1442561759098 1161.2713884871307 366.5711496957404
gen 125 8760 3978.8183517456055 1016.9698258044685 70.40091863191314 923.7328448203558 1144.2580729862432 366.21428634933375
gen 126 8830 4000.608013868332 1007.010979613114 100.1008206381258 797.716452575639 1141.46994253216 364.60326752305633
gen 127 8900 4021.8156707286835 1020.9081707582291 102.89489138792148 864.7222921270927 1168.893176625988 364.23635730350827
gen 128 8970 4044.3662548065186 1067.1791075018427 135.21435959633726 794.244771274684 1325.102291952824 362.7583004191178
gen 129 9040 4073.2776827812195 1010.9170387992735 79.08909191567645 891.5037351365033 1135.1421537952847 362.41808989943956
gen 130 9110 4101.50098323822 1020.9901981276814 74.5966210432482 907.1966991547215 1159.8931089161385 362.41808989943956
gen 131 9180 4130.613579273224 1019.9507827443437 89.15296403370121 905.5420007149689 1203.8506419927164 362.25686913896516
gen 132 9250 4159.50457906723 1087.6723325789942 84.2436509063955 931.2180562713042 1215.5850703780138 361.05416327257365
gen 133 9320 4181.71310544014 1024.3569188012805 57.88486466251721 924.2791292511909 1140.1779854099157 360.46403056063787
gen 134 9390 4203.161719799042 1045.7426697204273 91.34931775934585 847.097493079898 1199.3275442726847 360.02192587791194
gen 135 9460 4224.273348331451 990.4817974355553 80.6316685920084 869.2945745038595 1093.5555351018143 360.02192587791194
gen 136 9530 4244.939666986465 1034.6379461301055 112.99964977424845 849.1056426208672 1217.5155968561908 359.9836210993707
gen 137 9600 4269.3816113471985 1047.800951021856 104.45291432699449 789.1971837385411 1171.250780384807 359.9678918472181
gen 138 9670 4298.319438457489 1079.7901840518018 84.04885565517685 908.6510881251053 1177.8339962258597 359.9678918472181
gen 139 9740 4327.375742673874 1034.2136083275554 51.60280727356202 981.1380938026714 1161.4492200946397 359.9678918472181
gen 140 9810 4355.157993078232 968.6313002267931 83.49367780237462 834.9721740504086 1109.208908855566 359.39439419264033
gen 141 9880 4381.602044582367 1023.9948503594226 50.37725023566947 952.5234105564743 1096.622226554808 358.73841640381386
gen 142 9950 4403.7377371788025 1050.2355755495523 96.8602677921828 930.7017268478214 1265.457767727154 358.73841640381386
gen 143 10020 4425.690218925476 1015.3003708531636 74.62436474007595 844.2948964057318 1116.1204346331115 358.4582923840693
gen 144 10090 4446.9958481788635 1008.7508507015566 101.64192018199088 868.7418818580745 1147.5890134296662 358.22017320247204
gen 145 10160 4468.98939871788 1027.710688070421 82.06146978289394 914.7536896224628 1170.7092803235307 357.74741307751634
gen 146 10230 4497.492275953293 1048.9588302337677 109.65072470961975 814.5931308134532 1203.3313745121422 356.9496043091009
gen 147 10300 4526.60861492157 992.7650513318529 109.29739615102315 782.3023607243763 1122.6630212411826 356.92656093742363
gen 148 10370 4555.569339513779 1035.682873927677 92.1813799281908 924.2719332391553 1216.476101767807 356.4828217437562
gen 149 10440 4585.379846334457 1051.9260834628424 103.27237553996027 859.5132124018891 1194.7466895359528 356.26998405318625
gen 150 10510 4607.888441324234 990.1462884704406 78.86913271108274 878.3611983338869 1091.4668990219714 356.26388247435005
gen 151 10580 4629.044803857803 1040.3142315759876 105.67244373804714 837.9386372905951 1174.6703684617987 356.2037759342185
gen 152 10650 4650.446228265762 1042.836810984724 105.1764723525972 920.2148988843985 1224.8526180949905 356.102008144841
gen 153 10720 4672.186508655548 1054.071882915477 69.69361880766519 912.4433968624246 1166.1929342124054 356.09560977903686
gen 154 10790 4695.827818870544 998.5350620838617 93.29997238253782 854.6691128845308 1136.9572438589603 355.9410126912143
gen 155 10860 4723.711723566055 1008.523449047987 82.9658189463198 904.965316792595 1207.7121952527689 355.2994089001458
gen 156 10930 4750.386377811432 998.9270702144544 100.24792755512102 848.1947552767197 1231.0341173075703 353.6072106232531
gen 157 11000 4776.869996070862 1028.1539510228536 92.86651422188262 857.2263294107051 1187.0208488218466 353.10552922362774
gen 158 11070 4797.459397792816 1023.9936944175328 74.67920793784738 841.3512042255974 1138.4733408694897 352.924413679113
gen 159 11140 4819.09303689003 1018.2957445505384 93.9804059211352 854.4474365370354 1193.7828832421 352.826930757755
gen 160 11210 4840.34011888504 993.4787186519281 56.47760769609143 901.9177780284349 1069.218571722869 351.8420047950749
gen 161 11280 4861.991165399551 1010.5609551296271 77.14557535704375 865.7277358641378 1127.7911758763962 351.5716082912076
gen 162 11350 4889.331380844116 1018.8703205029497 61.05919209041346 924.1063670686771 1117.056452331333 351.0604084790779
gen 163 11420 4915.759764909744 1001.4811292280004 42.84395268140067 906.753874753405 1049.8870515227777 351.0604084790779
gen 164 11490 4942.754885435104 1050.640217112546 101.80657162962348 872.2512582952426 1197.5949949699275 351.0604084790779
gen 165 11560 4965.046720981598 1052.8546573659287 55.14414927787852 999.773321472425 1153.6349871496336 350.91394482958896
gen 166 11630 4986.343126535416 1016.8997909226484 117.30832977871917 886.2237384595924 1324.6367648933474 350.8403080621535
gen 167 11700 5007.171670198441 1001.9983052177453 94.39441739811822 897.9875205584838 1209.9035112429094 350.6883607429337
gen 168 11770 5027.860710144043 1026.2389516932408 103.22822891015034 850.9251761626518 1181.8823996156511 349.314629781445
gen 169 11840 5052.288538455963 954.119477704004 115.98134657053289 761.6231809260648 1126.2513573604394 349.25991916010844
gen 170 11910 5078.827983856201 1056.8431080333316 96.9717822086854 902.5069894632825 1227.0863583886937 348.4442952008627
gen 171 11980 5106.89169716835 1074.0208498426105 108.53480860330963 839.4310359808426 1245.1380723231189 347.8201591740823
gen 172 12050 5129.186523914337 998.7948442007676 75.15477836915984 890.5868019745461 1153.008274982152 347.77253856037953
gen 173 12120 5150.005419015884 1072.2017370640438 81.46866276958467 893.8335151468624 1223.0252902379573 347.77253856037953
gen 174 12190 5171.398838996887 1065.874102999665 111.03425692498124 857.5410714481811 1183.1465167504414 347.6341478782987
gen 175 12260 5192.9175589084625 1014.4171329722607 100.77578494072013 772.2143308411763 1134.2551016051061 347.6341478782987
gen 176 12330 5217.118406295776 1047.827923697326 92.1537367971602 877.6784051639213 1196.8045105726871 347.6341478782987
gen 177 12400 5243.709760665894 1002.4922352884935 63.78943984010136 909.4167888117514 1127.720536605991 347.50590220994104
gen 178 12470 5270.938061952591 1005.6645724246891 68.8453462252494 887.143217152541 1119.5327210479768 346.63136277518106
gen 179 12540 5292.204885959625 967.7129474885189 44.806135586001275 884.9698054429891 1032.9838786059076 346.63136277518106
gen 180 12610 5313.279914855957 986.0814705459701 79.1013041497439 867.6282768630585 1101.668663304064 346.57515800519343
gen 181 12680 5334.236669301987 1034.144123038564 127.6371014400106 846.0375996992436 1256.4305798652595 346.5252120716481
gen 182 12750 5354.9835612773895 1042.8268692691868 93.8504580339901 835.8280481171919 1215.4681735539884 345.81956417402165
gen 183 12820 5378.570370435715 1018.8271281331479 110.86142314656296 919.2285917140777 1293.3591511777477 345.60093291074236
gen 184 12890 5404.289172410965 980.2431957868712 86.51197700160625 888.9136678715954 1175.0939940397827 344.98201245208804
gen 185 12960 5431.557155847549 1060.5791883754962 81.77893339728175 919.6801274869308 1179.5785254987975 344.98201245208804
gen 186 13030 5454.814333677292 1072.1651452038664 70.95200353661158 974.7740693780727 1173.397337004543 344.98201245208804
gen 187 13100 5475.683791875839 1025.8156884930838 62.907328431606594 941.2025078125863 1139.0111122577212 344.841318827087
gen 188 13170 5496.283583879471 1001.8431480838259 79.74163174107603 897.8429467388974 1145.1485954015156 344.841318827087
gen 189 13240 5516.976877689362 1007.0057811975555 74.63436524713056 905.7032166221037 1126.38388361863 344.841318827087
gen 190 13310 5541.2654020786285 1014.9820374812094 90.1683955541457 849.1238374421408 1129.7471437682748 344.46233544705626
gen 191 13380 5568.355448722839 1059.5265491294435 109.29482302287651 939.0410313780112 1307.1572340662647 344.17769536963254
gen 192 13450 5595.331140995026 1021.3017127350029 106.37855961482757 869.5482509765491 1293.6496094536806 344.11285791526814
gen 193 13520 5619.251963376999 1037.4317955362312 96.85654233609978 939.8879005978221 1234.397651189231 344.01511209128546
gen 194 13590 5640.494259595871 1064.0873517592825 127.60465500831488 873.7061324111196 1296.0012029334614 343.9674707199138
gen 195 13660 5661.699765443802 1035.9160901755326 76.9817915387055 917.4362768681942 1126.4480937268447 343.88575629270616
gen 196 13730 5682.1911277771 1034.6058947523966 43.302539246261205 971.0698698210223 1096.9278830141432 343.79687110427255
gen 197 13800 5703.631149053574 978.3683260789045 106.17668672246303 797.0389778743167 1204.8805981540845 343.7714682668247
gen 198 13870 5729.056503534317 1012.0290694170005 99.3639862530354 776.5849363360059 1157.742571833837 343.7714682668247
gen 199 13940 5756.124462604523 1085.8910145502584 119.86359458145414 967.4255046795641 1330.6408075816707 343.6664899379961
[[3, 42, 12, 40, 50, 47, 6, 10], [30, 49, 44], [34, 51, 38], [19, 21, 20], [3, 42, 34, 11, 0, 46, 7], [40, 54, 7], [3, 35, 32, 25, 44], [34, 11, 29, 43, 44], [3, 34, 47, 29, 44], [3, 52, 51, 17], [30, 2, 21, 20], [49, 24, 13, 1], [3, 53, 59, 25, 43, 44], [31, 55, 7], [3, 34, 31, 58], [3, 9, 58], [3, 26, 27, 10], [45, 6, 10], [0, 44], [40, 48, 21, 20], [3, 42, 12, 23, 45, 29, 32, 25, 44], [3, 42, 12, 23, 19, 14, 50, 5, 43, 44], [52, 56, 58], [12, 6, 20], [16, 47, 13, 1], [3, 40, 48, 17], [54, 7], [3, 40, 1], [42, 12, 23, 22, 7], [3, 42, 2, 11, 29, 32, 25, 13], [12, 23, 28, 37, 8], [3, 42, 16, 21, 20], [3, 19, 14, 50, 18], [3, 42, 52, 55, 58], [39, 50, 33, 13, 1], [36, 46, 58], [14, 24, 1], [3, 42, 12, 23, 59, 32, 25, 44], [42, 12, 23, 19, 53, 43, 44], [3, 42, 30, 35, 27, 4], [3, 42, 12, 23, 5, 8], [26, 28, 4], [3, 42, 28, 27, 4], [3, 45, 51, 56, 7], [30, 19, 53, 2, 39, 47, 13, 1], [3, 23, 28, 4], [3, 19, 31, 4], [3, 30, 6, 38], [3, 50, 47, 29, 25, 44], [57, 32, 8], [3, 19, 53, 2, 39, 50, 32, 44], [3, 57, 29, 18], [3, 42, 39, 24, 1], [40, 31, 29, 25, 44], [12, 23, 14, 32, 25, 20], [53, 14, 18], [12, 53, 59, 18], [35, 43, 44], [30, 19, 33, 1], [3, 30, 11, 24, 20], [3, 42, 12, 11, 29, 32, 25, 44], [3, 42, 36, 43, 17], [34, 53, 9, 46, 1], [3, 12, 52, 47, 29, 25, 44], [30, 22, 20], [15, 18], [37, 43, 20], [34, 19, 2, 29, 32, 25, 44], [16, 48, 17], [53, 2, 50, 38], [41, 17], [19, 53, 2, 39, 37, 10], [3, 30, 15, 7], [12, 23, 19, 53, 2, 39, 50, 47, 29, 25, 44], [30, 19, 53, 2, 39, 47, 29, 32, 25, 20], [3, 42, 12, 50, 41, 17], [16, 20], [2, 50, 27, 38], [56, 7], [45, 8]]
min  343.6664899379961
gaMin [3, 42, 12, 40, 50, 47, 6, 10, -1, -1, -1, -1, -1, -1, -1, -1, -1, -1, -1, -1, -1, -1, -1, -1, -1, -1, -1, -1, -1, -1, -1, -1, -1, -1, -1, -1, -1, -1, -1, -1, -1, -1, -1, -1, -1, -1, -1, -1, -1, -1, -1, -1, -1, -1, -1, -1, -1, -1, -1, -1, 30, 49, 44, -1, -1, -1, -1, -1, -1, -1, -1, -1, -1, -1, -1, -1, -1, -1, -1, -1, -1, -1, -1, -1, -1, -1, -1, -1, -1, -1, -1, -1, -1, -1, -1, -1, -1, -1, -1, -1, -1, -1, -1, -1, -1, -1, -1, -1, -1, -1, -1, -1, -1, -1, -1, -1, -1, -1, -1, -1, 34, 51, 38, -1, -1, -1, -1, -1, -1, -1, -1, -1, -1, -1, -1, -1, -1, -1, -1, -1, -1, -1, -1, -1, -1, -1, -1, -1, -1, -1, -1, -1, -1, -1, -1, -1, -1, -1, -1, -1, -1, -1, -1, -1, -1, -1, -1, -1, -1, -1, -1, -1, -1, -1, -1, -1, -1, -1, -1, -1, 19, 21, 20, -1, -1, -1, -1, -1, -1, -1, -1, -1, -1, -1, -1, -1, -1, -1, -1, -1, -1, -1, -1, -1, -1, -1, -1, -1, -1, -1, -1, -1, -1, -1, -1, -1, -1, -1, -1, -1, -1, -1, -1, -1, -1, -1, -1, -1, -1, -1, -1, -1, -1, -1, -1, -1, -1, -1, -1, -1, 3, 42, 34, 11, 0, 46, 7, -1, -1, -1, -1, -1, -1, -1, -1, -1, -1, -1, -1, -1, -1, -1, -1, -1, -1, -1, -1, -1, -1, -1, -1, -1, -1, -1, -1, -1, -1, -1, -1, -1, -1, -1, -1, -1, -1, -1, -1, -1, -1, -1, -1, -1, -1, -1, -1, -1, -1, -1, -1, -1, 40, 54, 7, -1, -1, -1, -1, -1, -1, -1, -1, -1, -1, -1, -1, -1, -1, -1, -1, -1, -1, -1, -1, -1, -1, -1, -1, -1, -1, -1, -1, -1, -1, -1, -1, -1, -1, -1, -1, -1, -1, -1, -1, -1, -1, -1, -1, -1, -1, -1, -1, -1, -1, -1, -1, -1, -1, -1, -1, -1, 3, 35, 32, 25, 44, -1, -1, -1, -1, -1, -1, -1, -1, -1, -1, -1, -1, -1, -1, -1, -1, -1, -1, -1, -1, -1, -1, -1, -1, -1, -1, -1, -1, -1, -1, -1, -1, -1, -1, -1, -1, -1, -1, -1, -1, -1, -1, -1, -1, -1, -1, -1, -1, -1, -1, -1, -1, -1, -1, -1, 34, 11, 29, 43, 44, -1, -1, -1, -1, -1, -1, -1, -1, -1, -1, -1, -1, -1, -1, -1, -1, -1, -1, -1, -1, -1, -1, -1, -1, -1, -1, -1, -1, -1, -1, -1, -1, -1, -1, -1, -1, -1, -1, -1, -1, -1, -1, -1, -1, -1, -1, -1, -1, -1, -1, -1, -1, -1, -1, -1, 3, 34, 47, 29, 44, -1, -1, -1, -1, -1, -1, -1, -1, -1, -1, -1, -1, -1, -1, -1, -1, -1, -1, -1, -1, -1, -1, -1, -1, -1, -1, -1, -1, -1, -1, -1, -1, -1, -1, -1, -1, -1, -1, -1, -1, -1, -1, -1, -1, -1, -1, -1, -1, -1, -1, -1, -1, -1, -1, -1, 3, 52, 51, 17, -1, -1, -1, -1, -1, -1, -1, -1, -1, -1, -1, -1, -1, -1, -1, -1, -1, -1, -1, -1, -1, -1, -1, -1, -1, -1, -1, -1, -1, -1, -1, -1, -1, -1, -1, -1, -1, -1, -1, -1, -1, -1, -1, -1, -1, -1, -1, -1, -1, -1, -1, -1, -1, -1, -1, -1, 30, 2, 21, 20, -1, -1, -1, -1, -1, -1, -1, -1, -1, -1, -1, -1, -1, -1, -1, -1, -1, -1, -1, -1, -1, -1, -1, -1, -1, -1, -1, -1, -1, -1, -1, -1, -1, -1, -1, -1, -1, -1, -1, -1, -1, -1, -1, -1, -1, -1, -1, -1, -1, -1, -1, -1, -1, -1, -1, -1, 49, 24, 13, 1, -1, -1, -1, -1, -1, -1, -1, -1, -1, -1, -1, -1, -1, -1, -1, -1, -1, -1, -1, -1, -1, -1, -1, -1, -1, -1, -1, -1, -1, -1, -1, -1, -1, -1, -1, -1, -1, -1, -1, -1, -1, -1, -1, -1, -1, -1, -1, -1, -1, -1, -1, -1, -1, -1, -1, -1, 3, 53, 59, 25, 43, 44, -1, -1, -1, -1, -1, -1, -1, -1, -1, -1, -1, -1, -1, -1, -1, -1, -1, -1, -1, -1, -1, -1, -1, -1, -1, -1, -1, -1, -1, -1, -1, -1, -1, -1, -1, -1, -1, -1, -1, -1, -1, -1, -1, -1, -1, -1, -1, -1, -1, -1, -1, -1, -1, -1, 31, 55, 7, -1, -1, -1, -1, -1, -1, -1, -1, -1, -1, -1, -1, -1, -1, -1, -1, -1, -1, -1, -1, -1, -1, -1, -1, -1, -1, -1, -1, -1, -1, -1, -1, -1, -1, -1, -1, -1, -1, -1, -1, -1, -1, -1, -1, -1, -1, -1, -1, -1, -1, -1, -1, -1, -1, -1, -1, -1, 3, 34, 31, 58, -1, -1, -1, -1, -1, -1, -1, -1, -1, -1, -1, -1, -1, -1, -1, -1, -1, -1, -1, -1, -1, -1, -1, -1, -1, -1, -1, -1, -1, -1, -1, -1, -1, -1, -1, -1, -1, -1, -1, -1, -1, -1, -1, -1, -1, -1, -1, -1, -1, -1, -1, -1, -1, -1, -1, -1, 3, 9, 58, -1, -1, -1, -1, -1, -1, -1, -1, -1, -1, -1, -1, -1, -1, -1, -1, -1, -1, -1, -1, -1, -1, -1, -1, -1, -1, -1, -1, -1, -1, -1, -1, -1, -1, -1, -1, -1, -1, -1, -1, -1, -1, -1, -1, -1, -1, -1, -1, -1, -1, -1, -1, -1, -1, -1, -1, -1, 3, 26, 27, 10, -1, -1, -1, -1, -1, -1, -1, -1, -1, -1, -1, -1, -1, -1, -1, -1, -1, -1, -1, -1, -1, -1, -1, -1, -1, -1, -1, -1, -1, -1, -1, -1, -1, -1, -1, -1, -1, -1, -1, -1, -1, -1, -1, -1, -1, -1, -1, -1, -1, -1, -1, -1, -1, -1, -1, -1, 45, 6, 10, -1, -1, -1, -1, -1, -1, -1, -1, -1, -1, -1, -1, -1, -1, -1, -1, -1, -1, -1, -1, -1, -1, -1, -1, -1, -1, -1, -1, -1, -1, -1, -1, -1, -1, -1, -1, -1, -1, -1, -1, -1, -1, -1, -1, -1, -1, -1, -1, -1, -1, -1, -1, -1, -1, -1, -1, -1, 0, 44, -1, -1, -1, -1, -1, -1, -1, -1, -1, -1, -1, -1, -1, -1, -1, -1, -1, -1, -1, -1, -1, -1, -1, -1, -1, -1, -1, -1, -1, -1, -1, -1, -1, -1, -1, -1, -1, -1, -1, -1, -1, -1, -1, -1, -1, -1, -1, -1, -1, -1, -1, -1, -1, -1, -1, -1, -1, -1, 40, 48, 21, 20, -1, -1, -1, -1, -1, -1, -1, -1, -1, -1, -1, -1, -1, -1, -1, -1, -1, -1, -1, -1, -1, -1, -1, -1, -1, -1, -1, -1, -1, -1, -1, -1, -1, -1, -1, -1, -1, -1, -1, -1, -1, -1, -1, -1, -1, -1, -1, -1, -1, -1, -1, -1, -1, -1, -1, -1, 3, 42, 12, 23, 45, 29, 32, 25, 44, -1, -1, -1, -1, -1, -1, -1, -1, -1, -1, -1, -1, -1, -1, -1, -1, -1, -1, -1, -1, -1, -1, -1, -1, -1, -1, -1, -1, -1, -1, -1, -1, -1, -1, -1, -1, -1, -1, -1, -1, -1, -1, -1, -1, -1, -1, -1, -1, -1, -1, -1, 3, 42, 12, 23, 19, 14, 50, 5, 43, 44, -1, -1, -1, -1, -1, -1, -1, -1, -1, -1, -1, -1, -1, -1, -1, -1, -1, -1, -1, -1, -1, -1, -1, -1, -1, -1, -1, -1, -1, -1, -1, -1, -1, -1, -1, -1, -1, -1, -1, -1, -1, -1, -1, -1, -1, -1, -1, -1, -1, -1, 52, 56, 58, -1, -1, -1, -1, -1, -1, -1, -1, -1, -1, -1, -1, -1, -1, -1, -1, -1, -1, -1, -1, -1, -1, -1, -1, -1, -1, -1, -1, -1, -1, -1, -1, -1, -1, -1, -1, -1, -1, -1, -1, -1, -1, -1, -1, -1, -1, -1, -1, -1, -1, -1, -1, -1, -1, -1, -1, -1, 12, 6, 20, -1, -1, -1, -1, -1, -1, -1, -1, -1, -1, -1, -1, -1, -1, -1, -1, -1, -1, -1, -1, -1, -1, -1, -1, -1, -1, -1, -1, -1, -1, -1, -1, -1, -1, -1, -1, -1, -1, -1, -1, -1, -1, -1, -1, -1, -1, -1, -1, -1, -1, -1, -1, -1, -1, -1, -1, -1, 16, 47, 13, 1, -1, -1, -1, -1, -1, -1, -1, -1, -1, -1, -1, -1, -1, -1, -1, -1, -1, -1, -1, -1, -1, -1, -1, -1, -1, -1, -1, -1, -1, -1, -1, -1, -1, -1, -1, -1, -1, -1, -1, -1, -1, -1, -1, -1, -1, -1, -1, -1, -1, -1, -1, -1, -1, -1, -1, -1, 3, 40, 48, 17, -1, -1, -1, -1, -1, -1, -1, -1, -1, -1, -1, -1, -1, -1, -1, -1, -1, -1, -1, -1, -1, -1, -1, -1, -1, -1, -1, -1, -1, -1, -1, -1, -1, -1, -1, -1, -1, -1, -1, -1, -1, -1, -1, -1, -1, -1, -1, -1, -1, -1, -1, -1, -1, -1, -1, -1, 54, 7, -1, -1, -1, -1, -1, -1, -1, -1, -1, -1, -1, -1, -1, -1, -1, -1, -1, -1, -1, -1, -1, -1, -1, -1, -1, -1, -1, -1, -1, -1, -1, -1, -1, -1, -1, -1, -1, -1, -1, -1, -1, -1, -1, -1, -1, -1, -1, -1, -1, -1, -1, -1, -1, -1, -1, -1, -1, -1, 3, 40, 1, -1, -1, -1, -1, -1, -1, -1, -1, -1, -1, -1, -1, -1, -1, -1, -1, -1, -1, -1, -1, -1, -1, -1, -1, -1, -1, -1, -1, -1, -1, -1, -1, -1, -1, -1, -1, -1, -1, -1, -1, -1, -1, -1, -1, -1, -1, -1, -1, -1, -1, -1, -1, -1, -1, -1, -1, -1, 42, 12, 23, 22, 7, -1, -1, -1, -1, -1, -1, -1, -1, -1, -1, -1, -1, -1, -1, -1, -1, -1, -1, -1, -1, -1, -1, -1, -1, -1, -1, -1, -1, -1, -1, -1, -1, -1, -1, -1, -1, -1, -1, -1, -1, -1, -1, -1, -1, -1, -1, -1, -1, -1, -1, -1, -1, -1, -1, -1, 3, 42, 2, 11, 29, 32, 25, 13, -1, -1, -1, -1, -1, -1, -1, -1, -1, -1, -1, -1, -1, -1, -1, -1, -1, -1, -1, -1, -1, -1, -1, -1, -1, -1, -1, -1, -1, -1, -1, -1, -1, -1, -1, -1, -1, -1, -1, -1, -1, -1, -1, -1, -1, -1, -1, -1, -1, -1, -1, -1, 12, 23, 28, 37, 8, -1, -1, -1, -1, -1, -1, -1, -1, -1, -1, -1, -1, -1, -1, -1, -1, -1, -1, -1, -1, -1, -1, -1, -1, -1, -1, -1, -1, -1, -1, -1, -1, -1, -1, -1, -1, -1, -1, -1, -1, -1, -1, -1, -1, -1, -1, -1, -1, -1, -1, -1, -1, -1, -1, -1, 3, 42, 16, 21, 20, -1, -1, -1, -1, -1, -1, -1, -1, -1, -1, -1, -1, -1, -1, -1, -1, -1, -1, -1, -1, -1, -1, -1, -1, -1, -1, -1, -1, -1, -1, -1, -1, -1, -1, -1, -1, -1, -1, -1, -1, -1, -1, -1, -1, -1, -1, -1, -1, -1, -1, -1, -1, -1, -1, -1, 3, 19, 14, 50, 18, -1, -1, -1, -1, -1, -1, -1, -1, -1, -1, -1, -1, -1, -1, -1, -1, -1, -1, -1, -1, -1, -1, -1, -1, -1, -1, -1, -1, -1, -1, -1, -1, -1, -1, -1, -1, -1, -1, -1, -1, -1, -1, -1, -1, -1, -1, -1, -1, -1, -1, -1, -1, -1, -1, -1, 3, 42, 52, 55, 58, -1, -1, -1, -1, -1, -1, -1, -1, -1, -1, -1, -1, -1, -1, -1, -1, -1, -1, -1, -1, -1, -1, -1, -1, -1, -1, -1, -1, -1, -1, -1, -1, -1, -1, -1, -1, -1, -1, -1, -1, -1, -1, -1, -1, -1, -1, -1, -1, -1, -1, -1, -1, -1, -1, -1, 39, 50, 33, 13, 1, -1, -1, -1, -1, -1, -1, -1, -1, -1, -1, -1, -1, -1, -1, -1, -1, -1, -1, -1, -1, -1, -1, -1, -1, -1, -1, -1, -1, -1, -1, -1, -1, -1, -1, -1, -1, -1, -1, -1, -1, -1, -1, -1, -1, -1, -1, -1, -1, -1, -1, -1, -1, -1, -1, -1, 36, 46, 58, -1, -1, -1, -1, -1, -1, -1, -1, -1, -1, -1, -1, -1, -1, -1, -1, -1, -1, -1, -1, -1, -1, -1, -1, -1, -1, -1, -1, -1, -1, -1, -1, -1, -1, -1, -1, -1, -1, -1, -1, -1, -1, -1, -1, -1, -1, -1, -1, -1, -1, -1, -1, -1, -1, -1, -1, -1, 14, 24, 1, -1, -1, -1, -1, -1, -1, -1, -1, -1, -1, -1, -1, -1, -1, -1, -1, -1, -1, -1, -1, -1, -1, -1, -1, -1, -1, -1, -1, -1, -1, -1, -1, -1, -1, -1, -1, -1, -1, -1, -1, -1, -1, -1, -1, -1, -1, -1, -1, -1, -1, -1, -1, -1, -1, -1, -1, -1, 3, 42, 12, 23, 59, 32, 25, 44, -1, -1, -1, -1, -1, -1, -1, -1, -1, -1, -1, -1, -1, -1, -1, -1, -1, -1, -1, -1, -1, -1, -1, -1, -1, -1, -1, -1, -1, -1, -1, -1, -1, -1, -1, -1, -1, -1, -1, -1, -1, -1, -1, -1, -1, -1, -1, -1, -1, -1, -1, -1, 42, 12, 23, 19, 53, 43, 44, -1, -1, -1, -1, -1, -1, -1, -1, -1, -1, -1, -1, -1, -1, -1, -1, -1, -1, -1, -1, -1, -1, -1, -1, -1, -1, -1, -1, -1, -1, -1, -1, -1, -1, -1, -1, -1, -1, -1, -1, -1, -1, -1, -1, -1, -1, -1, -1, -1, -1, -1, -1, -1, 3, 42, 30, 35, 27, 4, -1, -1, -1, -1, -1, -1, -1, -1, -1, -1, -1, -1, -1, -1, -1, -1, -1, -1, -1, -1, -1, -1, -1, -1, -1, -1, -1, -1, -1, -1, -1, -1, -1, -1, -1, -1, -1, -1, -1, -1, -1, -1, -1, -1, -1, -1, -1, -1, -1, -1, -1, -1, -1, -1, 3, 42, 12, 23, 5, 8, -1, -1, -1, -1, -1, -1, -1, -1, -1, -1, -1, -1, -1, -1, -1, -1, -1, -1, -1, -1, -1, -1, -1, -1, -1, -1, -1, -1, -1, -1, -1, -1, -1, -1, -1, -1, -1, -1, -1, -1, -1, -1, -1, -1, -1, -1, -1, -1, -1, -1, -1, -1, -1, -1, 26, 28, 4, -1, -1, -1, -1, -1, -1, -1, -1, -1, -1, -1, -1, -1, -1, -1, -1, -1, -1, -1, -1, -1, -1, -1, -1, -1, -1, -1, -1, -1, -1, -1, -1, -1, -1, -1, -1, -1, -1, -1, -1, -1, -1, -1, -1, -1, -1, -1, -1, -1, -1, -1, -1, -1, -1, -1, -1, -1, 3, 42, 28, 27, 4, -1, -1, -1, -1, -1, -1, -1, -1, -1, -1, -1, -1, -1, -1, -1, -1, -1, -1, -1, -1, -1, -1, -1, -1, -1, -1, -1, -1, -1, -1, -1, -1, -1, -1, -1, -1, -1, -1, -1, -1, -1, -1, -1, -1, -1, -1, -1, -1, -1, -1, -1, -1, -1, -1, -1, 3, 45, 51, 56, 7, -1, -1, -1, -1, -1, -1, -1, -1, -1, -1, -1, -1, -1, -1, -1, -1, -1, -1, -1, -1, -1, -1, -1, -1, -1, -1, -1, -1, -1, -1, -1, -1, -1, -1, -1, -1, -1, -1, -1, -1, -1, -1, -1, -1, -1, -1, -1, -1, -1, -1, -1, -1, -1, -1, -1, 30, 19, 53, 2, 39, 47, 13, 1, -1, -1, -1, -1, -1, -1, -1, -1, -1, -1, -1, -1, -1, -1, -1, -1, -1, -1, -1, -1, -1, -1, -1, -1, -1, -1, -1, -1, -1, -1, -1, -1, -1, -1, -1, -1, -1, -1, -1, -1, -1, -1, -1, -1, -1, -1, -1, -1, -1, -1, -1, -1, 3, 23, 28, 4, -1, -1, -1, -1, -1, -1, -1, -1, -1, -1, -1, -1, -1, -1, -1, -1, -1, -1, -1, -1, -1, -1, -1, -1, -1, -1, -1, -1, -1, -1, -1, -1, -1, -1, -1, -1, -1, -1, -1, -1, -1, -1, -1, -1, -1, -1, -1, -1, -1, -1, -1, -1, -1, -1, -1, -1, 3, 19, 31, 4, -1, -1, -1, -1, -1, -1, -1, -1, -1, -1, -1, -1, -1, -1, -1, -1, -1, -1, -1, -1, -1, -1, -1, -1, -1, -1, -1, -1, -1, -1, -1, -1, -1, -1, -1, -1, -1, -1, -1, -1, -1, -1, -1, -1, -1, -1, -1, -1, -1, -1, -1, -1, -1, -1, -1, -1, 3, 30, 6, 38, -1, -1, -1, -1, -1, -1, -1, -1, -1, -1, -1, -1, -1, -1, -1, -1, -1, -1, -1, -1, -1, -1, -1, -1, -1, -1, -1, -1, -1, -1, -1, -1, -1, -1, -1, -1, -1, -1, -1, -1, -1, -1, -1, -1, -1, -1, -1, -1, -1, -1, -1, -1, -1, -1, -1, -1, 3, 50, 47, 29, 25, 44, -1, -1, -1, -1, -1, -1, -1, -1, -1, -1, -1, -1, -1, -1, -1, -1, -1, -1, -1, -1, -1, -1, -1, -1, -1, -1, -1, -1, -1, -1, -1, -1, -1, -1, -1, -1, -1, -1, -1, -1, -1, -1, -1, -1, -1, -1, -1, -1, -1, -1, -1, -1, -1, -1, 57, 32, 8, -1, -1, -1, -1, -1, -1, -1, -1, -1, -1, -1, -1, -1, -1, -1, -1, -1, -1, -1, -1, -1, -1, -1, -1, -1, -1, -1, -1, -1, -1, -1, -1, -1, -1, -1, -1, -1, -1, -1, -1, -1, -1, -1, -1, -1, -1, -1, -1, -1, -1, -1, -1, -1, -1, -1, -1, -1, 3, 19, 53, 2, 39, 50, 32, 44, -1, -1, -1, -1, -1, -1, -1, -1, -1, -1, -1, -1, -1, -1, -1, -1, -1, -1, -1, -1, -1, -1, -1, -1, -1, -1, -1, -1, -1, -1, -1, -1, -1, -1, -1, -1, -1, -1, -1, -1, -1, -1, -1, -1, -1, -1, -1, -1, -1, -1, -1, -1, 3, 57, 29, 18, -1, -1, -1, -1, -1, -1, -1, -1, -1, -1, -1, -1, -1, -1, -1, -1, -1, -1, -1, -1, -1, -1, -1, -1, -1, -1, -1, -1, -1, -1, -1, -1, -1, -1, -1, -1, -1, -1, -1, -1, -1, -1, -1, -1, -1, -1, -1, -1, -1, -1, -1, -1, -1, -1, -1, -1, 3, 42, 39, 24, 1, -1, -1, -1, -1, -1, -1, -1, -1, -1, -1, -1, -1, -1, -1, -1, -1, -1, -1, -1, -1, -1, -1, -1, -1, -1, -1, -1, -1, -1, -1, -1, -1, -1, -1, -1, -1, -1, -1, -1, -1, -1, -1, -1, -1, -1, -1, -1, -1, -1, -1, -1, -1, -1, -1, -1, 40, 31, 29, 25, 44, -1, -1, -1, -1, -1, -1, -1, -1, -1, -1, -1, -1, -1, -1, -1, -1, -1, -1, -1, -1, -1, -1, -1, -1, -1, -1, -1, -1, -1, -1, -1, -1, -1, -1, -1, -1, -1, -1, -1, -1, -1, -1, -1, -1, -1, -1, -1, -1, -1, -1, -1, -1, -1, -1, -1, 12, 23, 14, 32, 25, 20, -1, -1, -1, -1, -1, -1, -1, -1, -1, -1, -1, -1, -1, -1, -1, -1, -1, -1, -1, -1, -1, -1, -1, -1, -1, -1, -1, -1, -1, -1, -1, -1, -1, -1, -1, -1, -1, -1, -1, -1, -1, -1, -1, -1, -1, -1, -1, -1, -1, -1, -1, -1, -1, -1, 53, 14, 18, -1, -1, -1, -1, -1, -1, -1, -1, -1, -1, -1, -1, -1, -1, -1, -1, -1, -1, -1, -1, -1, -1, -1, -1, -1, -1, -1, -1, -1, -1, -1, -1, -1, -1, -1, -1, -1, -1, -1, -1, -1, -1, -1, -1, -1, -1, -1, -1, -1, -1, -1, -1, -1, -1, -1, -1, -1, 12, 53, 59, 18, -1, -1, -1, -1, -1, -1, -1, -1, -1, -1, -1, -1, -1, -1, -1, -1, -1, -1, -1, -1, -1, -1, -1, -1, -1, -1, -1, -1, -1, -1, -1, -1, -1, -1, -1, -1, -1, -1, -1, -1, -1, -1, -1, -1, -1, -1, -1, -1, -1, -1, -1, -1, -1, -1, -1, -1, 35, 43, 44, -1, -1, -1, -1, -1, -1, -1, -1, -1, -1, -1, -1, -1, -1, -1, -1, -1, -1, -1, -1, -1, -1, -1, -1, -1, -1, -1, -1, -1, -1, -1, -1, -1, -1, -1, -1, -1, -1, -1, -1, -1, -1, -1, -1, -1, -1, -1, -1, -1, -1, -1, -1, -1, -1, -1, -1, -1, 30, 19, 33, 1, -1, -1, -1, -1, -1, -1, -1, -1, -1, -1, -1, -1, -1, -1, -1, -1, -1, -1, -1, -1, -1, -1, -1, -1, -1, -1, -1, -1, -1, -1, -1, -1, -1, -1, -1, -1, -1, -1, -1, -1, -1, -1, -1, -1, -1, -1, -1, -1, -1, -1, -1, -1, -1, -1, -1, -1, 3, 30, 11, 24, 20, -1, -1, -1, -1, -1, -1, -1, -1, -1, -1, -1, -1, -1, -1, -1, -1, -1, -1, -1, -1, -1, -1, -1, -1, -1, -1, -1, -1, -1, -1, -1, -1, -1, -1, -1, -1, -1, -1, -1, -1, -1, -1, -1, -1, -1, -1, -1, -1, -1, -1, -1, -1, -1, -1, -1, 3, 42, 12, 11, 29, 32, 25, 44, -1, -1, -1, -1, -1, -1, -1, -1, -1, -1, -1, -1, -1, -1, -1, -1, -1, -1, -1, -1, -1, -1, -1, -1, -1, -1, -1, -1, -1, -1, -1, -1, -1, -1, -1, -1, -1, -1, -1, -1, -1, -1, -1, -1, -1, -1, -1, -1, -1, -1, -1, -1, 3, 42, 36, 43, 17, -1, -1, -1, -1, -1, -1, -1, -1, -1, -1, -1, -1, -1, -1, -1, -1, -1, -1, -1, -1, -1, -1, -1, -1, -1, -1, -1, -1, -1, -1, -1, -1, -1, -1, -1, -1, -1, -1, -1, -1, -1, -1, -1, -1, -1, -1, -1, -1, -1, -1, -1, -1, -1, -1, -1, 34, 53, 9, 46, 1, -1, -1, -1, -1, -1, -1, -1, -1, -1, -1, -1, -1, -1, -1, -1, -1, -1, -1, -1, -1, -1, -1, -1, -1, -1, -1, -1, -1, -1, -1, -1, -1, -1, -1, -1, -1, -1, -1, -1, -1, -1, -1, -1, -1, -1, -1, -1, -1, -1, -1, -1, -1, -1, -1, -1, 3, 12, 52, 47, 29, 25, 44, -1, -1, -1, -1, -1, -1, -1, -1, -1, -1, -1, -1, -1, -1, -1, -1, -1, -1, -1, -1, -1, -1, -1, -1, -1, -1, -1, -1, -1, -1, -1, -1, -1, -1, -1, -1, -1, -1, -1, -1, -1, -1, -1, -1, -1, -1, -1, -1, -1, -1, -1, -1, -1, 30, 22, 20, -1, -1, -1, -1, -1, -1, -1, -1, -1, -1, -1, -1, -1, -1, -1, -1, -1, -1, -1, -1, -1, -1, -1, -1, -1, -1, -1, -1, -1, -1, -1, -1, -1, -1, -1, -1, -1, -1, -1, -1, -1, -1, -1, -1, -1, -1, -1, -1, -1, -1, -1, -1, -1, -1, -1, -1, -1, 15, 18, -1, -1, -1, -1, -1, -1, -1, -1, -1, -1, -1, -1, -1, -1, -1, -1, -1, -1, -1, -1, -1, -1, -1, -1, -1, -1, -1, -1, -1, -1, -1, -1, -1, -1, -1, -1, -1, -1, -1, -1, -1, -1, -1, -1, -1, -1, -1, -1, -1, -1, -1, -1, -1, -1, -1, -1, -1, -1, 37, 43, 20, -1, -1, -1, -1, -1, -1, -1, -1, -1, -1, -1, -1, -1, -1, -1, -1, -1, -1, -1, -1, -1, -1, -1, -1, -1, -1, -1, -1, -1, -1, -1, -1, -1, -1, -1, -1, -1, -1, -1, -1, -1, -1, -1, -1, -1, -1, -1, -1, -1, -1, -1, -1, -1, -1, -1, -1, -1, 34, 19, 2, 29, 32, 25, 44, -1, -1, -1, -1, -1, -1, -1, -1, -1, -1, -1, -1, -1, -1, -1, -1, -1, -1, -1, -1, -1, -1, -1, -1, -1, -1, -1, -1, -1, -1, -1, -1, -1, -1, -1, -1, -1, -1, -1, -1, -1, -1, -1, -1, -1, -1, -1, -1, -1, -1, -1, -1, -1, 16, 48, 17, -1, -1, -1, -1, -1, -1, -1, -1, -1, -1, -1, -1, -1, -1, -1, -1, -1, -1, -1, -1, -1, -1, -1, -1, -1, -1, -1, -1, -1, -1, -1, -1, -1, -1, -1, -1, -1, -1, -1, -1, -1, -1, -1, -1, -1, -1, -1, -1, -1, -1, -1, -1, -1, -1, -1, -1, -1, 53, 2, 50, 38, -1, -1, -1, -1, -1, -1, -1, -1, -1, -1, -1, -1, -1, -1, -1, -1, -1, -1, -1, -1, -1, -1, -1, -1, -1, -1, -1, -1, -1, -1, -1, -1, -1, -1, -1, -1, -1, -1, -1, -1, -1, -1, -1, -1, -1, -1, -1, -1, -1, -1, -1, -1, -1, -1, -1, -1, 41, 17, -1, -1, -1, -1, -1, -1, -1, -1, -1, -1, -1, -1, -1, -1, -1, -1, -1, -1, -1, -1, -1, -1, -1, -1, -1, -1, -1, -1, -1, -1, -1, -1, -1, -1, -1, -1, -1, -1, -1, -1, -1, -1, -1, -1, -1, -1, -1, -1, -1, -1, -1, -1, -1, -1, -1, -1, -1, -1, 19, 53, 2, 39, 37, 10, -1, -1, -1, -1, -1, -1, -1, -1, -1, -1, -1, -1, -1, -1, -1, -1, -1, -1, -1, -1, -1, -1, -1, -1, -1, -1, -1, -1, -1, -1, -1, -1, -1, -1, -1, -1, -1, -1, -1, -1, -1, -1, -1, -1, -1, -1, -1, -1, -1, -1, -1, -1, -1, -1, 3, 30, 15, 7, -1, -1, -1, -1, -1, -1, -1, -1, -1, -1, -1, -1, -1, -1, -1, -1, -1, -1, -1, -1, -1, -1, -1, -1, -1, -1, -1, -1, -1, -1, -1, -1, -1, -1, -1, -1, -1, -1, -1, -1, -1, -1, -1, -1, -1, -1, -1, -1, -1, -1, -1, -1, -1, -1, -1, -1, 12, 23, 19, 53, 2, 39, 50, 47, 29, 25, 44, -1, -1, -1, -1, -1, -1, -1, -1, -1, -1, -1, -1, -1, -1, -1, -1, -1, -1, -1, -1, -1, -1, -1, -1, -1, -1, -1, -1, -1, -1, -1, -1, -1, -1, -1, -1, -1, -1, -1, -1, -1, -1, -1, -1, -1, -1, -1, -1, -1, 30, 19, 53, 2, 39, 47, 29, 32, 25, 20, -1, -1, -1, -1, -1, -1, -1, -1, -1, -1, -1, -1, -1, -1, -1, -1, -1, -1, -1, -1, -1, -1, -1, -1, -1, -1, -1, -1, -1, -1, -1, -1, -1, -1, -1, -1, -1, -1, -1, -1, -1, -1, -1, -1, -1, -1, -1, -1, -1, -1, 3, 42, 12, 50, 41, 17, -1, -1, -1, -1, -1, -1, -1, -1, -1, -1, -1, -1, -1, -1, -1, -1, -1, -1, -1, -1, -1, -1, -1, -1, -1, -1, -1, -1, -1, -1, -1, -1, -1, -1, -1, -1, -1, -1, -1, -1, -1, -1, -1, -1, -1, -1, -1, -1, -1, -1, -1, -1, -1, -1, 16, 20, -1, -1, -1, -1, -1, -1, -1, -1, -1, -1, -1, -1, -1, -1, -1, -1, -1, -1, -1, -1, -1, -1, -1, -1, -1, -1, -1, -1, -1, -1, -1, -1, -1, -1, -1, -1, -1, -1, -1, -1, -1, -1, -1, -1, -1, -1, -1, -1, -1, -1, -1, -1, -1, -1, -1, -1, -1, -1, 2, 50, 27, 38, -1, -1, -1, -1, -1, -1, -1, -1, -1, -1, -1, -1, -1, -1, -1, -1, -1, -1, -1, -1, -1, -1, -1, -1, -1, -1, -1, -1, -1, -1, -1, -1, -1, -1, -1, -1, -1, -1, -1, -1, -1, -1, -1, -1, -1, -1, -1, -1, -1, -1, -1, -1, -1, -1, -1, -1, 56, 7, -1, -1, -1, -1, -1, -1, -1, -1, -1, -1, -1, -1, -1, -1, -1, -1, -1, -1, -1, -1, -1, -1, -1, -1, -1, -1, -1, -1, -1, -1, -1, -1, -1, -1, -1, -1, -1, -1, -1, -1, -1, -1, -1, -1, -1, -1, -1, -1, -1, -1, -1, -1, -1, -1, -1, -1, -1, -1, 45, 8, -1, -1, -1, -1, -1, -1, -1, -1, -1, -1, -1, -1, -1, -1, -1, -1, -1, -1, -1, -1, -1, -1, -1, -1, -1, -1, -1, -1, -1, -1, -1, -1, -1, -1, -1, -1, -1, -1, -1, -1, -1, -1, -1, -1, -1, -1, -1, -1, -1, -1, -1, -1, -1, -1, -1, -1, -1, -1]
runTime 5762.91335439682
